19390
16463
20956
20559
15776
12486
33422
11098
19298
20151
21636
19713
14472
14722
19564
11682
17462
133851
31335
25276
26994
15045
30659
22277
20706
22293
57328
0
8122
10378
225
48110
50704
22214
5702
5296
7768
12437
5562
79917
1931
8982
2592
19406
8247
4796
0
111
40888
8987
103340
160354
179454
0
7027
5859
152657
59469
15060
46140
45470
85876
10344
256409
41942
9955
83149
21534
19890
9346
9347
70370
134587
142183
3823
3670
3922
140193
36674
134832
134848
134807
134821
134832
134816
134793
134792
14028
35380
25960
171116
122127
16799
17067
14579
18255
15645
97144
18350
14958
15756
16765
17185
17162
181804
24122
13315
78472
16919
19806
14913
18239
22743
235079
19271
22842
25449
35070
12060
7017
1557
2291
77217
1241
287
17916
61952
588
7203
19299
30976
32227
33345
31461
3896
39139
42883
42056
11876
13755
40439
26630
80825
45212
23015
23299
26067
9384
56691
70159
5087
85637
137417
122188
58030
43118
6498
39575
32265
105007
101940
104406
40918
114508
112196
109688
34480
3173
3735
8143
28138
437589
433534
16131
19409
8939
11370
1652
54348
303
303
24354
5645
66087
3232
3231
42326
15338
3948
5605
137856
160731
534
534
76875
5027
6061
23445
17374
48419
7578
59955
11685
19650
57103
32890
26156
26005
61521
3440
23154
45828
44579
50441
25296
25107
23851
24034
54844
10789
8592
105492
20069
16809
19840
15319
20903
17292
13430
44186
36777
66406
208253
254769
1
1
25059
25059
37179
36921
25622
21830
22625
22624
23330
37334
22761
22326
22318
6172
6171
22260
294819
166971
39680
29224
47471
6365
7067
7060
7061
7047
2642
7372
7370
7373
7375
4281
4911
3828
4913
3989
4256
4673
3993
21530
20979
18926
18355
21694
23802
22358
25880
98071
49266
106227
11084
54542
620
96952
3526
35986
62141
9784
0
181600
231888
66631
11482
82630
12207
147788
30643
4065
23215
92127
123735
23310
7232
20756
196780
85661
26980
81675
60205
18306
44723
186544
7808
23656
4660
19207
1585
11957
177
18034
11328
11168
78024
74182
11919
163903
5757
166680
10802
16726
143114
12018
17348
5344
9497
72200
11009
11166
237652
54952
10114
15713
3507
3838
11687
996
802
845
15113
12369
5232
31170
19377
20297
77608
19649
20939
18768
19604
20628
166118
112176
41403
32830
38326
80988
31664
75574
42616
39890
43299
39020
38874
24920
78556
7653
11391
140111
131024
131752
116940
118086
78963
127502
213248
213984
195728
188633
198506
209552
103710
70610
106928
124676
107543
184262
137313
34768
69574
76236
67113
67411
64706
60760
114080
4738
138693
96240
71805
5120
34290
34673
34013
17419
74049
317867
3688
487578
194221
307636
407112
250821
226600
268345
252919
502571
389561
80574
42616
87164
21105
1745
1745
1746
6289
1742
22484
52863
31527
37879
39075
15060
15057
18114
93808
174605
20561
291
15974
9897
217927
17167
34791
6789
112950
9058
9713
11262
17133
109554
27634
451487
446929
17718
91577
84437
31534
31577
46927
5423
119093
195
295269
3941
118777
16820
2324
10744
2802
2269
14027
94054
163264
15471
19870
20155
8549
15723
9119
8855
12178
23254
22895
12727
1867
32368
51479
47968
47959
67314
120997
1974
2071
245171
18091
18084
8851
50952
15966
301895
41270
26844
19408
17309
31063
15128
57921
32970
641
25523
115780
129144
133492
76580
22988
86058
87907
113770
4545
51185
7394
510341
61448
30935
33883
24855
146741
23976
26217
18473
21050
19723
26606
18835
24314
33422
20222
8318
95282
168274
17798
10413
860999
10484
265776
3857
26574
3004
7534
15786
272124
13790
8199
8959
68485
60482
17292
12884
7236
14146
2616
252707
98308
90752
25676
44125
0
0
0
0
0
12087
10882
4997
4521
5437
11174
193
11209
11425
23611
19502
140992
393393
22977
89439
8077
103785
7071
5951
6560
38241
64134
84508
82812
36655
31958
32054
31641
49577
31532
14769
16976
6249
3063
149837
43763
47859
52379
43986
44038
160063
5904
14661
12744
3088
13348
10943
37917
3354
26957
69650
121204
418587
418596
77207
77148
77148
77207
77207
77207
7897
356859
357549
13905
50481
8780
4071
236649
48184
46709
60215
42468
12793
13357
12660
36618
43534
42995
62135
10607
14451
164969
27385
25505
48106
107600
173269
11845
9868
147051
128350
12271
3219
56123
29222
25746
19436
29120
15900
7100
4691
3268
5487
463
412
21449
262555
12677
18121
166
8
28249
23585
8
469
23092
466
24451
20168
334122
333311
334048
334810
18632
16912
29089
17885
21468
13475
18314
19011
19683
28986
433
7425
475631
475731
475049
223784
30604
38004
138
227
133
294398
293426
12510
23646
24002
212986
213244
258319
14483
22868
23633
9403
23406
16031
30458
22679
483376
22296
22273
22277
23996
22375
93290
452296
454139
284193
261441
262156
261896
261985
8894
439344
438668
189669
195354
221883
11879
21166
23394
24725
22258
219010
217648
218856
217394
430
8
24731
8
21869
22545
32074
83202
322125
212217
549304
94627
94333
95879
18121
23208
379920
5860
22637
448
292369
84308
22003
22920
24063
19857
505
505
505
505
99957
26198
26057
25779
25779
26023
15233
26485
101375
81161
84533
11529
16316
26781
27038
26591
26509
16684
17473
16295
14302
13581
17759
15778
166533
9766
9880
19057
16974
22659
22336
23036
12368
10105
10052
225985
61786
8147
30379
39184
34779
9302
6229
22188
16901
620225
4324
50260
25154
34742
110357
57861
63418
17512
558874
3750
55700
32750
76123
12136
16327
71415
74432
80557
28347
4350
5809
5801
14594
165981
24712
25022
108837
31443
7062
13481
23918
119369
22999
18142
23939
23365
23177
22998
31245
43482
129341
119094
169354
151637
140404
164962
165620
152203
49356
47885
131407
123611
142362
159849
146670
170953
153663
144891
149275
45141
138484
156016
113772
79344
46719
156499
20359
3690
139768
10329
7711
10840
10690
9754
8141
10726
10057
8480
8567
8404
8252
10359
8060
10319
9184
517315
32660
7096
7592
8786
9004
10552
10300
10528
9012
8489
7744
165685
152064
7839
8521
17148
10249
9446
7435
10554
154128
69939
10865
107097
28040
148746
47640
115812
313692
20591
24246
21458
22878
21830
31849
62475
77183
80609
241850
48180
41427
73919
2430
32220
7905
27859
30590
27989
69919
78930
81702
74515
68513
71106
32566
48597
46772
56928
1656
214340
6173
6014
35493
1024
1024
7435
7644
11544
10213
13826
9546
11642
90096
142280
72763
2445
49125
18203
19922
64818
2015
115465
5635
5828
12277
4396
13855
7751
153781
164035
131050
12231
23586
24166
19172
92247
98705
26945
26882
5480
3577
169900
186814
183638
128295
99561
31299
46309
150887
16545
15569
16797
65214
88332
15717
8129
71178
123195
27369
22124
10250
28423
51022
39398
35084
40663
27187
13168
115670
86834
86349
81775
86112
80739
81600
87376
88994
85189
81561
87161
89554
72536
14683
32260
106771
18657
23599
11765
15212
24574
1936
1936
1936
19178
69658
46290
2364
2706
9152
359829
9246
10303
9717
9547
9591
9709
9650
10345
9683
10329
9682
10544
127940
60839
17842
15124
32501
26528
5791
4990
1392
17286
6870
71131
74496
93493
118473
80071
94712
90944
66981
157220
124625
26805
41235
12236
13600
13258
13011
36782
42749
42663
37362
37803
37173
37360
37677
37236
37173
20610
11266
12139
12407
110282
88682
99074
44741
237535
424543
547204
550893
104774
30791
40933
40942
33527
104952
18599
19269
4878
10710
25753
69055
108856
11330
13919
17710
12450
6196
23556
7150
8422
40888
107928
13638
89288
75034
180499
73795
162593
51680
10212
17172
21177
21988
20450
21976
20617
20501
36974
36349
30621
14833
26496
31271
52313
14761
15035
91806
133684
135248
79787
65639
64825
64825
64506
64870
65031
64906
64899
108638
155562
24570
25388
66481
12727
11919
19742
10309
58510
22288
25056
2337
65635
85938
21661
19377
54638
235069
67595
211337
6119
105622
12486
63298
10788
92114
21164
20020
6127
40360
27399
26583
34376
27210
27980
26620
26553
94188
56679
181155
159078
36145
32963
49288
34442
11950
74365
69458
48567
41378
88245
59914
26874
25290
23844
29114
27138
23874
1933
84577
94222
90631
95386
92816
58581
75627
71057
61543
56466
55083
62265
67189
9059
58640
44693
12342
6871
75436
8581
99068
123416
54305
7330
7324
6642
6034
6798
12303
42894
94486
195255
5113
58458
12426
356116
20428
3241
30848
256065
11821
8494
152152
14239
22581
9683
10734
100512
7059
7051
6339
157777
2601
3164
63644
8885
57696
24368
74836
161467
168830
593
13078
13403
13378
75196
71848
20129
65284
69410
33290
26800
9305
14652
6971
7585
95982
6018
300918
69384
26148
99028
76572
20147
16019
17411
14714
17310
14511
83992
112707
195752
7837
4614
9347
29375
11122
19397
55233
42764
49398
9590
425257
67340
4958
123256
8365
95399
6993
7015
156820
18727
33418
12362
12772
13388
13230
15337
15690
24340
41930
42706
38659
10098
13193
14351
16462
13362
75130
74462
31584
397606
1080
2290
23061
5256
94367
67581
88027
47101
34368
91942
0
0
620
35581
35534
37142
15903
15982
15965
16851
27563
13283
13282
21875
5516
5516
31793
20906
21319
21124
15243
26511
24182
68072
50039
55606
44960
45000
74106
39430
248192
21264
20762
124244
231508
222701
5107
8811
3150
4497
11330
10024
131220
139883
34643
6519
39156
37858
17369
35649
21195
20839
212028
394629
34947
3028
16704
4300
48536
48169
47760
26557
26015
24493
34312
48909
11455
37887
55423
72769
65389
5956
16807
28314
1956
50520
151
8723
11056
12393
223948
58335
6942
10644
107346
107006
111733
174000
8875
15973
2633
4184
1685
19301
2989
82142
186010
39829
39713
51238
46257
30742
1568
2657
1518
1335
77549
25266
16009
16135
191746
22573
190135
230960
180185
179528
179660
180005
199351
195649
265956
175855
174859
183163
173306
152613
177533
186380
183565
276911
181950
173460
176957
182751
141414
8282
34846
34846
26151
26250
39798
126846
180368
18033
4186
10155
30664
151153
65166
13217
10095
34091
38918
29122
6936
153556
68776
13884
504
14966
13876
13900
504
504
16119
25771
81403
16817
73990
54281
27860
245001
112505
29327
299
6483
6453
6451
46114
9802
170126
61339
111080
13114
99303
111352
8508
12389
17344
14659
39697
13185
519544
10509
17868
25885
10587
10947
8682
14694
34452
33445
117526
38834
12208
109161
7115
35509
107716
77807
31885
6350
27562
74262
40218
20134
8658
119148
87969
276934
7737
45277
8295
7589
