142
145
168
167
84
366
279
100
51
53
30
6
61
12
123
219
338
163
297
149
37
182
576
61
68
9
179
202
241
66
90
84
164
73
918
100
38
3
86
53
410
316
621
673
214
84
828
382
65
351
499
433
20
1121
390
406
88
344
39
39
1025
668
719
71
72
75
477
89
398
399
400
401
401
399
400
400
241
447
1151
903
4
29
9
436
104
13
23
11
12
24
656
46
1
276
6
19
84
228
1166
123
162
163
292
101
41
16
93
353
102
434
313
11
82
175
243
232
136
17
384
203
419
14
21
405
77
506
211
52
52
73
12
625
606
50
472
692
636
370
148
600
136
456
411
440
224
776
438
493
180
124
167
244
2256
2339
117
136
55
42
20
1332
543
127
260
12
12
599
103
65
598
832
318
6
21
276
90
344
151
278
208
146
601
588
423
282
357
25
91
284
208
465
18
17
12
12
205
29
27
756
49
65
37
72
54
299
401
216
500
327
2876
147
147
249
1034
703
396
118
350
272
72
105
159
36
142
143
167
170
591
194
756
289
497
282
10
241
773
915
2919
649
45
324
682
1145
103
33
284
725
1177
200
491
524
1441
657
765
364
96
260
760
24
674
30
3
163
17
39
12
12
693
288
147
1107
302
94
106
1138
119
77
45
88
536
767
976
80
113
26
26
153
5
11
15
122
200
200
3
11
740
5
11
3
312
1019
514
654
509
475
1166
433
1033
343
174
173
169
168
311
349
21
49
577
248
299
88
78
242
493
740
836
651
617
689
795
279
264
287
684
294
636
485
524
656
758
679
672
501
531
384
101
420
553
455
14
88
664
1370
24
3956
431
1681
2718
1443
1064
1665
1488
2982
2190
550
303
591
173
66
223
380
323
278
261
12
460
1161
239
97
67
776
21
280
133
1016
69
429
254
367
343
199
345
1440
763
7
923
43
198
24
76
404
114
67
553
302
1211
45
50
61
2
45
18
10
37
109
97
42
374
399
456
456
135
1663
35
36
1538
133
148
40
16
81
1594
276
803
83
83
613
34
454
266
50
86
605
941
837
305
870
584
267
507
156
640
16
1431
389
271
316
249
1461
159
160
125
125
131
165
126
162
488
90
5
422
815
270
49
1265
2019
4
455
14
48
87
394
125
907
632
339
1232
386
573
99
392
94
104
15
14
17
7
363
58
267
180
716
4500
354
468
118
477
13
13
13
83
547
710
654
248
222
226
227
323
222
267
284
41
8
466
332
246
441
203
204
440
7
112
112
25
33
43
622
67
469
642
568
562
562
223
223
223
223
223
223
1754
1754
106
58
83
91
1770
489
297
343
257
138
207
211
859
44
102
576
213
191
990
582
604
85
2
562
642
100
260
44
260
10
10
31
78
19
19
22
7
28
919
23
7
7
975
959
972
973
9
9
37
118
9
9
9
9
9
7
6
1905
1916
1893
761
578
729
992
973
11
891
893
674
12
5
14
9
45
1495
28
28
28
303
1443
1479
1082
1064
1075
1056
1073
33
1563
1549
375
392
779
117
202
264
1039
1020
1043
1012
7
8
548
1202
902
1845
564
480
611
1303
8
7
1128
598
96
7
7
7
7
495
9
10
10
10
10
10
10
1193
634
956
11
11
11
11
11
11
10
9
32
28
24
9
9
1234
171
214
252
82
127
129
173
111
245
207
1533
910
143
441
853
375
95
52
116
94
2014
17
347
233
386
1018
1003
206
101
2421
8
137
120
224
591
600
528
236
4
4
104
1285
259
260
641
1049
122
76
200
612
194
154
339
332
312
322
367
481
1341
1173
1972
1592
1173
1514
1644
1391
794
663
1233
1381
1299
1725
1618
1622
1446
1181
1358
526
1505
1574
955
1398
620
1614
109
1858
95
14
14
64
4870
479
1
1
1
1406
1158
241
2068
615
4
622
650
1468
297
428
872
546
789
301
537
692
446
1515
24
271
41
228
266
220
555
752
677
636
542
523
230
271
263
343
4
394
112
68
574
1
1
63
29
27
60
20
73
191
494
863
46
260
482
58
221
34
1150
30
33
32
101
34
868
931
729
127
41
208
39
422
701
207
207
21
13
1387
626
555
471
1640
234
705
616
6
6
6
506
632
54
898
818
219
101
114
134
218
237
232
284
132
24
384
434
377
322
367
334
333
402
385
335
327
372
374
260
47
435
376
147
184
318
178
227
63
63
63
211
307
470
37
47
29
1083
220
28
20
20
21
21
21
26
21
26
21
33
505
367
105
185
705
298
95
23
36
296
380
332
390
434
464
1048
634
952
700
296
184
132
202
208
132
132
132
132
132
132
132
40
450
333
555
278
814
2057
1061
1136
285
368
380
380
1403
323
328
46
99
777
726
70
215
323
24
494
569
222
356
480
2785
929
2386
317
41
13
19
10
19
10
6
201
214
106
48
108
421
353
376
395
215
163
168
168
161
168
164
160
163
624
929
78
187
508
505
31
166
151
10
468
1605
170
91
671
669
643
1039
59
380
60
560
4
553
250
191
210
312
251
247
308
250
234
245
239
551
447
710
272
289
271
405
279
229
681
515
684
270
250
772
266
261
267
271
237
249
21
534
573
517
497
468
449
446
448
530
391
355
377
389
7
390
145
249
81
717
285
873
223
8
8
56
40
51
87
212
248
1990
93
443
41
1254
71
10
437
2208
196
176
213
91
81
11
44
297
25
25
42
1514
50
801
17
496
114
1174
467
632
179
433
367
159
456
536
148
144
21
63
162
337
25
1663
667
57
506
560
66
154
154
154
154
474
111
323
1476
26
72
205
96
128
464
362
419
47
3332
632
142
824
19
263
94
93
238
99
173
214
193
137
45
94
87
247
141
366
139
479
3319
15
14
580
5
499
564
984
275
218
247
278
275
310
148
148
148
149
261
141
141
72
15
440
184
231
182
239
151
152
454
206
1664
335
298
619
1320
728
49
2
117
123
507
34
929
1165
199
126
796
870
173
315
199
181
621
500
364
108
58
4
633
614
652
334
319
257
446
713
101
219
506
644
534
241
215
42
42
559
3
74
63
422
1502
430
276
128
562
564
696
398
402
73
16
92
97
23
547
511
121
133
473
300
103
2
251
1
352
302
3327
2426
512
585
594
432
563
549
1062
288
350
576
274
137
553
663
530
1233
445
288
414
742
188
182
241
241
274
274
117
427
1746
703
12
154
357
156
88
42
230
317
291
474
429
776
16
16
12
61
23
300
388
240
665
612
511
2377
1583
355
78
78
78
390
1
1919
525
1318
24
387
565
78
63
2625
16
430
301
394
244
552
620
108
556
6
501
456
501
288
198
528
369
93
1034
685
3029
515
48
70
