83
96
60
111
96
98
81
71
29
45
45
54
101
45
116
49
67
76
46
52
57
79
61
37
33
108
62
34
92
225
73
39
38
75
80
68
85
75
73
73
80
68
62
99
29
61
84
83
41
44
291
29
58
79
56
62
119
292
44
92
85
68
93
60
49
106
22
29
49
46
41
37
53
204
70
104
104
73
50
75
40
104
128
21
32
105
124
86
92
108
98
85
69
109
35
102
106
105
45
38
83
112
55
84
66
48
41
48
59
53
38
50
114
41
106
34
67
47
46
44
46
33
99
44
54
47
52
52
40
35
44
60
65
49
109
44
49
93
111
97
33
33
32
36
43
146
56
113
71
149
106
102
114
80
65
103
92
61
112
66
33
69
111
109
85
75
50
33
44
50
50
50
67
47
55
48
69
62
50
120
73
98
76
118
201
70
51
61
50
101
40
30
71
122
53
56
47
71
46
96
77
78
91
80
85
84
74
74
39
50
55
56
68
123
55
79
71
73
195
73
79
66
93
58
98
60
70
82
100
81
58
42
83
19
19
125
143
107
95
16
78
138
102
87
57
54
239
261
67
67
72
76
61
188
197
197
189
189
174
184
184
199
199
176
109
92
75
54
144
93
45
62
62
62
45
57
61
62
62
62
63
64
63
64
63
64
61
64
52
52
52
66
52
58
26
68
78
69
68
36
32
112
36
111
196
49
37
62
67
31
97
72
50
77
35
79
48
55
46
46
46
35
42
69
127
43
94
167
40
80
57
98
88
72
129
22
85
58
92
70
88
88
91
79
41
58
30
108
106
89
62
25
32
64
59
71
88
71
91
84
242
246
59
60
82
88
74
74
65
40
38
58
46
46
46
46
46
46
46
43
80
75
88
69
65
71
53
61
53
89
59
43
48
49
75
28
35
67
69
69
65
48
72
56
64
120
137
58
52
78
67
55
48
89
48
80
87
102
85
92
66
90
129
177
75
62
35
68
82
93
108
189
179
187
48
67
55
32
103
90
81
104
80
104
106
59
87
105
74
124
86
76
152
157
158
91
159
52
77
69
47
56
59
49
48
37
76
78
22
37
48
30
98
73
59
64
36
132
197
147
139
56
69
106
98
73
87
58
175
173
178
172
28
55
91
99
49
33
60
62
61
57
49
52
70
99
103
75
84
69
63
86
68
86
75
77
75
44
55
150
149
39
90
51
42
41
75
129
123
104
34
54
99
99
27
49
76
79
71
113
59
68
66
43
107
105
57
68
46
110
66
91
35
33
105
137
122
59
101
75
69
100
129
52
74
86
63
134
56
108
127
36
28
92
99
47
52
68
75
111
58
98
109
122
180
36
48
86
51
204
69
43
77
86
62
76
56
82
69
77
97
43
89
208
136
153
142
229
101
83
92
82
83
82
81
96
96
76
76
74
74
71
55
57
68
105
84
32
50
118
120
87
55
38
35
59
112
65
110
56
138
143
107
94
81
56
76
76
70
62
40
89
116
112
122
55
55
69
128
129
78
102
92
82
56
56
97
84
82
52
136
62
63
53
36
62
62
109
109
109
109
109
109
69
115
99
43
30
65
67
86
53
76
78
192
60
55
67
54
79
71
49
90
90
150
123
96
26
49
58
44
56
44
35
100
43
89
77
81
55
72
86
110
95
80
66
52
89
105
88
148
119
55
130
213
89
133
66
85
52
72
51
73
93
112
111
121
124
97
120
121
103
117
75
96
115
105
68
103
87
109
106
90
60
60
60
181
280
176
127
126
95
83
56
93
111
116
95
84
66
199
117
97
121
72
110
117
123
135
93
66
53
113
118
94
118
127
136
123
103
112
112
154
146
123
205
136
53
64
82
125
129
135
98
37
125
95
89
102
75
77
116
104
108
121
93
93
75
103
97
109
69
72
53
130
116
85
94
67
172
118
136
138
108
73
115
95
54
54
116
136
53
108
114
73
85
128
154
76
104
82
62
60
195
248
221
96
91
104
47
84
81
83
54
50
118
128
116
73
76
76
49
51
40
61
66
66
119
86
110
111
62
123
84
23
250
40
27
82
109
57
71
44
80
256
50
35
77
78
37
92
82
76
45
53
57
52
44
88
50
47
167
65
35
80
31
42
60
74
46
76
76
76
44
80
68
53
124
127
127
132
119
147
104
93
98
133
102
104
109
103
125
129
116
111
135
127
47
65
116
100
55
56
61
50
123
105
91
99
103
92
163
64
62
120
120
42
122
138
119
88
73
95
85
87
79
65
70
79
93
97
123
117
123
164
126
44
129
127
100
108
84
79
105
95
52
90
75
91
148
93
276
222
224
227
232
212
96
131
76
64
82
77
52
123
42
57
54
64
61
111
112
76
114
78
122
67
74
42
70
96
53
56
42
77
102
53
102
44
129
93
72
73
71
69
66
50
34
56
114
99
68
41
99
32
74
74
68
52
58
87
43
82
99
58
86
73
95
76
57
130
104
138
75
54
41
44
81
95
71
118
71
88
22
113
63
46
61
60
47
116
60
34
72
47
39
103
42
32
39
41
34
69
90
67
72
132
124
113
104
48
57
134
121
126
53
121
100
70
58
120
74
123
49
80
61
78
354
352
352
41
52
67
84
84
110
73
97
95
109
105
96
99
101
124
136
152
117
72
66
36
71
48
112
99
47
89
110
64
86
53
114
149
106
71
105
92
76
81
73
95
42
63
53
80
50
61
71
68
66
73
63
66
71
64
63
51
123
57
37
71
56
54
101
83
85
56
62
65
30
45
45
45
45
45
45
45
45
81
83
103
75
34
34
42
44
112
80
113
74
39
38
43
59
60
56
74
104
74
63
56
57
99
79
81
89
56
63
50
76
58
93
68
163
84
140
84
70
70
104
86
112
94
92
97
94
107
114
115
115
113
115
114
97
98
30
38
81
99
53
132
65
24
99
29
64
52
33
52
84
65
35
51
86
65
105
21
113
43
68
157
179
33
24
98
78
90
65
98
89
106
83
81
97
107
87
109
72
71
57
62
45
94
63
51
28
68
68
82
101
84
85
76
104
62
98
104
105
94
111
97
108
92
98
78
88
73
68
64
90
76
75
71
109
56
43
80
81
48
207
212
144
94
58
34
52
58
75
61
101
67
48
48
46
54
113
41
47
45
57
108
173
107
152
52
149
141
80
61
24
65
37
70
39
80
75
90
96
97
118
49
49
74
213
67
56
28
48
66
66
65
66
66
66
124
141
34
49
44
100
62
82
81
73
68
70
24
79
88
89
92
60
93
117
91
100
30
18
89
65
93
53
59
86
102
104
63
30
112
144
86
68
52
73
123
40
57
55
57
71
49
50
65
56
68
80
138
96
98
77
54
92
57
94
78
64
54
35
33
71
81
86
58
73
85
604
606
61
281
287
273
251
267
263
70
93
110
110
188
175
175
185
49
61
54
38
23
19
76
72
58
64
69
72
66
106
55
55
69
103
79
55
95
63
63
78
71
111
170
70
56
115
190
66
49
44
49
42
49
44
59
64
42
41
125
121
109
101
123
118
104
91
49
33
122
144
82
61
78
211
43
40
94
53
70
50
41
52
199
196
42
63
89
92
111
73
80
50
57
68
69
66
66
82
86
41
147
136
133
94
60
66
66
66
65
74
36
47
59
78
146
46
178
106
116
94
106
122
112
100
79
116
108
113
109
78
118
97
118
123
110
104
78
96
98
52
53
53
159
159
163
170
166
165
93
50
56
117
32
35
64
63
44
78
54
33
51
42
43
68
92
66
69
46
96
88
67
62
89
43
86
63
61
49
43
102
120
95
33
46
102
78
67
83
94
83
55
78
37
75
64
103
51
57
64
45
56
51
58
56
76
91
79
45
72
84
50
38
34
46
80
106
60
235
102
44
46
40
86
102
37
90
81
71
69
102
89
89
99
65
67
210
36
