196
189
272
268
99
558
788
140
57
60
31
7
65
13
207
398
697
232
424
220
48
283
1077
68
92
9
303
386
398
130
142
200
375
118
4575
148
47
3
144
106
787
688
1300
1593
343
168
1969
752
72
581
1172
889
25
3567
726
879
124
621
43
43
2354
1454
1761
90
96
102
1064
205
709
710
708
708
708
707
706
708
468
732
3745
2333
4
32
10
779
131
14
26
12
13
24
2686
48
1
351
7
20
101
354
3988
266
321
388
501
151
53
18
147
724
133
889
974
11
108
344
493
437
282
17
776
339
891
14
21
747
123
880
402
90
90
119
15
1441
1228
61
1047
1639
1535
787
275
1119
171
1267
1172
1224
319
2710
1723
1378
326
161
250
435
4646
4815
218
287
68
46
23
6076
1132
163
644
12
12
1067
131
74
1387
1936
1076
6
22
479
179
551
241
641
283
188
1365
1147
805
533
607
26
136
505
333
919
21
19
13
13
334
30
27
1716
53
82
49
90
67
473
703
309
999
767
10187
181
181
465
2326
1433
847
136
893
508
75
135
222
38
177
164
247
227
1021
342
1525
481
950
656
10
367
1746
1960
6121
1219
64
634
1525
3666
169
44
527
1604
3431
313
1247
1127
5603
1096
3196
742
165
605
1719
30
1803
32
3
216
19
43
12
12
1633
418
245
2457
687
140
218
2298
207
92
59
121
879
2567
1328
88
134
27
27
191
7
12
16
142
272
498
3
12
1447
5
12
3
579
2629
1605
1407
920
885
3824
774
3100
568
269
267
268
264
579
530
21
50
1466
397
552
121
93
317
1255
1482
1880
1439
1178
1404
1737
413
361
412
1853
418
1304
1351
765
1402
1681
1434
1355
998
984
703
125
700
992
806
21
98
1334
5527
27
25689
2239
8200
13837
5152
4140
5973
5510
17775
9913
1079
495
1560
298
72
353
705
510
422
342
12
832
3234
387
127
75
1729
25
499
171
1899
83
1243
477
509
456
358
648
4022
2462
7
1946
50
307
24
119
997
179
104
1442
610
2597
75
89
110
2
75
30
15
63
175
143
72
580
695
844
844
388
5290
45
46
3398
172
188
42
18
94
5670
452
2017
107
104
1307
44
1066
396
77
87
1594
2215
2080
495
2231
1253
573
1173
234
3011
18
6791
925
554
592
482
4025
207
212
175
187
172
211
174
207
836
237
5
694
1816
461
82
9454
8888
4
896
14
62
106
1564
141
2669
1268
539
3700
765
1227
124
780
250
221
16
15
19
7
500
83
403
255
1297
20684
635
925
256
955
15
15
15
131
984
1453
1304
361
321
326
329
568
319
472
517
55
10
2579
749
556
1161
349
343
936
7
153
188
26
38
54
1907
89
1041
3649
3964
1638
1638
641
641
641
641
641
641
4447
4447
170
69
117
157
3994
954
525
670
390
144
242
240
2404
56
129
1698
341
343
2340
1568
1795
108
2
1130
1157
129
506
59
729
10
10
31
105
22
22
25
7
35
3118
28
7
7
3871
3829
3864
3906
9
9
47
143
9
9
9
9
9
7
6
5847
5861
5823
2278
965
1456
3438
3371
11
2320
2325
2805
12
5
14
9
51
5372
28
28
28
666
5290
5381
3133
3061
2928
2898
2898
34
5437
5390
646
687
1758
151
316
530
2421
2355
2428
2330
7
8
1063
3772
2310
6823
1060
851
1160
4641
9
7
3402
1243
118
7
7
7
7
961
9
10
10
10
10
10
10
2624
1943
2984
11
11
11
11
11
11
10
9
33
29
24
9
9
3830
270
315
386
131
202
205
253
154
412
306
3405
2310
333
709
1774
579
147
73
265
164
9335
17
662
440
731
2673
2838
352
120
5607
8
181
156
396
1448
1482
1323
368
4
4
144
3074
449
451
1310
3720
181
109
317
1722
284
238
576
535
577
583
1045
850
6913
5353
8723
6075
3798
7139
7257
5338
1672
1268
5075
7003
4999
7603
6839
8873
5384
4750
4779
912
6342
6402
1999
3442
1012
3587
221
6408
131
26
26
66
39405
1002
1
1
1
3487
2749
279
5446
1007
4
1371
1377
4437
576
1032
1708
1696
1794
598
1394
1852
852
6067
28
519
50
301
364
290
1007
1598
1383
1329
1030
961
322
475
411
550
4
955
148
88
1323
1
1
134
91
43
196
31
101
332
1126
1837
59
402
971
79
326
49
3672
52
56
35
187
44
2414
2950
1872
162
44
365
42
640
1179
412
412
23
15
4350
1944
1750
1235
4658
457
2543
1388
8
8
8
633
2305
58
1881
1857
277
134
122
172
380
397
366
413
169
34
736
825
780
572
766
588
583
864
818
730
570
797
797
447
48
704
748
199
373
547
275
358
81
81
81
357
893
783
85
111
35
3432
419
32
23
23
25
24
25
30
24
31
24
37
1472
743
179
248
1480
516
123
23
41
548
624
624
787
753
840
2289
1363
2159
1119
566
243
142
240
245
142
142
142
142
142
142
142
58
761
570
1034
486
1955
35822
5199
5817
655
735
614
614
6273
485
496
56
146
1705
1897
79
401
594
30
882
1068
351
639
1062
10097
2371
9585
572
52
14
20
10
20
10
6
294
309
134
53
151
1396
1091
931
946
427
267
269
269
260
269
264
262
265
1531
2062
132
336
1228
983
34
447
310
11
878
3174
270
107
1179
1467
1523
3996
62
826
65
1003
4
1236
437
297
294
557
413
384
537
399
363
393
383
1220
873
1414
545
456
416
590
426
453
1422
972
1402
500
881
1733
371
360
367
395
315
333
21
1060
1003
1320
1198
885
795
806
783
980
467
427
445
464
7
487
1556
648
95
1336
517
1961
362
8
8
86
63
81
106
319
371
3950
124
650
48
40959
85
10
880
4015
414
1371
352
107
93
14
51
865
30
30
69
5277
76
1601
22
971
179
3460
1004
1423
315
1010
1616
248
1485
1019
188
237
25
76
263
591
32
6795
1062
80
993
1071
78
191
191
191
191
858
323
794
2789
32
93
337
121
175
848
579
731
48
16749
1458
198
2318
19
431
127
126
439
110
227
254
227
160
61
119
130
372
200
601
271
967
6607
15
19
1876
5
1164
1107
2225
421
299
400
525
523
581
232
232
232
233
495
213
213
77
16
1096
259
377
325
429
270
272
863
307
5750
515
488
1298
2575
3775
51
2
146
193
1721
39
2905
3558
305
217
1762
1730
225
698
266
250
2008
3429
656
172
87
4
1316
1307
1490
529
543
396
865
1449
129
471
834
1167
870
465
300
42
48
1114
3
93
89
866
8501
1115
432
165
1004
916
1324
618
875
90
28
137
127
31
1171
1143
149
162
791
414
120
2
508
1
961
523
5844
9306
969
1234
1121
785
1325
1123
3105
523
564
1142
471
188
1038
1444
989
5701
861
490
752
1638
282
324
462
462
522
522
230
2706
5818
1763
12
222
866
369
116
43
350
711
517
909
919
2169
18
18
13
75
26
670
836
363
1205
1292
930
13628
4934
578
99
99
99
566
1
3921
1034
3388
36
708
1220
121
72
15979
16
720
500
683
467
1050
1222
147
2004
6
974
975
1055
580
505
1166
676
207
2028
1193
14786
1070
50
80
