file,distinct
0,11
0,142
0,52
0,80
0,2
0,14
0,357
0,216
0,96
0,42
0,31
0,26
0,0
0,38
0,1
0,41
0,82
0,153
0,244
0,124
0,277
0,92
0,10
0,102
0,367
0,24
0,11
0,4
0,103
0,106
0,134
0,14
0,17
0,11
0,40
0,15
0,621
0,52
0,20
0,1
0,25
0,39
0,199
0,147
0,513
0,389
0,95
0,26
0,446
0,170
0,11
0,141
0,209
0,146
0,8
0,1006
0,39
0,209
0,183
0,145
0,19
0,228
0,13
0,0
0,542
0,284
0,268
0,20
0,10
0,5
0,417
0,19
0,143
0,3
0,3
0,5
0,5
0,5
0,4
0,4
0,65
0,153
0,554
0,268
0,1
0,5
0,0
0,301
0,34
0,0
0,5
0,0
0,1
0,12
0,23
0,11
0,11
0,454
0,2
0,0
0,135
0,0
0,5
0,21
0,106
0,427
0,54
0,22
0,20
0,96
0,24
0,4
0,2
0,7
0,28
0,187
0,47
0,152
0,138
0,4
0,23
0,31
0,38
0,50
0,17
0,1
0,81
0,34
0,85
0,0
0,0
0,94
0,11
0,160
0,26
0,0
0,0
0,7
0,1
0,214
0,168
0,11
0,149
0,115
0,24
0,103
0,71
0,176
0,26
0,103
0,69
0,74
0,33
0,155
0,64
0,84
0,13
0,33
0,37
0,62
0,1104
0,55
0,41
0,13
0,8
0,15
0,4
0,688
0,148
0,47
0,99
0,2
0,0
0,259
0,56
0,9
0,217
0,237
0,233
0,1
0,2
0,83
0,20
0,165
0,73
0,81
0,33
0,101
0,218
0,101
0,61
0,0
0,88
0,7
0,70
0,16
0,61
0,16
0,69
0,4
0,0
0,0
0,0
0,70
0,15
0,2
0,194
0,14
0,6
0,0
0,3
0,0
0,120
0,108
0,37
0,80
0,83
0,2008
0,31
0,0
0,69
0,445
0,253
0,39
0,70
0,17
0,60
0,64
0,31
0,13
0,29
0,4
0,26
0,29
0,37
0,140
0,152
0,72
0,280
0,209
0,359
0,72
0,4
0,71
0,218
0,271
0,2154
0,172
0,9
0,46
0,222
0,238
0,15
0,1
0,151
0,162
0,171
0,32
0,135
0,91
0,461
0,222
0,192
0,19
0,38
0,45
0,227
0,2
0,269
0,11
0,1
0,21
0,4
0,7
0,0
0,0
0,477
0,147
0,27
0,885
0,57
0,14
0,13
0,780
0,13
0,15
0,4
0,13
0,212
0,557
0,463
0,22
0,8
0,0
0,0
0,41
0,0
0,1
0,5
0,0
0,16
0,39
0,0
0,0
0,174
0,0
0,0
0,0
0,52
0,230
0,3
0,142
0,83
0,37
0,32
0,138
0,22
0,95
0,59
0,8
0,12
0,11
0,6
0,52
0,100
0,5
0,4
0,117
0,28
0,32
0,8
0,12
0,22
0,60
0,125
0,86
0,69
0,53
0,56
0,90
0,17
0,1
0,15
0,69
0,15
0,59
0,28
0,135
0,164
0,193
0,135
0,57
0,21
0,54
0,71
0,88
0,68
0,128
0,304
0,2
0,15
0,122
0,535
0,9
0,1255
0,36
0,285
0,603
0,246
0,129
0,317
0,246
0,597
0,354
0,79
0,59
0,146
0,134
0,9
0,16
0,60
0,31
0,400
0,31
0,37
0,0
0,121
0,437
0,27
0,75
0,32
0,205
0,0
0,38
0,25
0,240
0,0
0,105
0,21
0,54
0,15
0,20
0,46
0,761
0,185
0,0
0,504
0,17
0,13
0,0
0,21
0,92
0,17
0,9
0,99
0,37
0,403
0,6
0,3
0,1
0,0
0,0
0,0
0,0
0,0
0,9
0,3
0,0
0,84
0,100
0,110
0,0
0,2
0,278
0,9
0,4
0,495
0,21
0,24
0,4
0,0
0,6
0,309
0,30
0,102
0,10
0,4
0,67
0,2
0,42
0,30
0,6
0,23
0,116
0,181
0,61
0,33
0,289
0,59
0,34
0,74
0,96
0,347
0,4
0,1024
0,90
0,44
0,17
0,16
0,286
0,25
0,8
0,47
0,9
0,5
0,47
0,46
0,32
0,60
0,81
0,13
0,3
0,231
0,99
0,115
0,134
0,3
0,585
0,429
0,2
0,64
0,0
0,5
0,11
0,137
0,26
0,124
0,520
0,24
0,462
0,1
0,50
0,44
0,84
0,5
0,3
0,7
0,3
0,13
0,2
0,3
0,29
0,57
0,21
0,26
0,7
0,6
0,4
0,1
0,0
0,0
0,1
0,338
0,13
0,57
0,19
0,562
0,1460
0,212
0,109
0,32
0,81
0,1
0,0
0,0
0,5
0,73
0,64
0,46
0,9
0,2
0,2
0,2
0,17
0,1
0,19
0,25
0,3
0,0
0,128
0,35
0,29
0,59
0,10
0,4
0,79
0,1
0,6
0,3
0,6
0,2
0,4
0,234
0,7
0,54
0,4
0,93
0,51
0,46
0,0
0,0
0,0
0,0
0,0
0,0
0,0
0,463
0,0
0,4
0,9
0,16
0,6
0,543
0,148
0,207
0,49
0,160
0,50
0,14
0,3
0,553
0,31
0,77
0,346
0,37
0,19
0,531
0,508
0,513
0,11
0,0
0,66
0,168
0,20
0,29
0,3
0,10
0,49
0,0
0,0
0,1
0,5
0,0
0,0
0,0
0,0
0,2
0,255
0,1
0,0
0,0
0,156
0,10
0,12
0,11
0,1
0,0
0,13
0,18
0,0
0,0
0,0
0,0
0,0
0,0
0,0
0,385
0,19
0,17
0,85
0,34
0,100
0,146
0,11
0,0
0,68
0,9
0,31
0,0
0,1
0,0
0,0
0,0
0,377
0,4
0,0
0,0
0,21
0,293
0,20
0,177
0,60
0,160
0,8
0,15
0,7
0,195
0,6
0,74
0,59
0,124
0,8
0,14
0,59
0,54
0,9
0,18
0,11
0,0
0,0
0,30
0,145
0,74
0,229
0,30
0,16
0,23
0,61
0,0
0,0
0,103
0,38
0,7
0,0
0,0
0,0
0,0
0,33
0,0
0,0
0,0
0,0
0,0
0,0
0,0
0,388
0,64
0,82
0,10
0,0
0,0
0,0
0,0
0,0
0,0
0,0
0,0
0,1
0,1
0,0
0,0
0,0
0,142
0,265
0,17
0,15
0,20
0,4
0,5
0,2
0,5
0,4
0,18
0,8
0,206
0,327
0,17
0,64
0,70
0,44
0,7
0,17
0,19
0,11
0,449
0,0
0,6
0,11
0,35
0,30
0,67
0,7
0,84
0,123
0,31
0,8
0,945
0,1
0,8
0,19
0,76
0,68
0,18
0,7
0,23
0,0
0,0
0,50
0,758
0,16
0,2
0,87
0,78
0,14
0,23
0,12
0,55
0,36
0,2
0,31
0,83
0,40
0,34
0,261
0,40
0,211
0,137
0,271
0,165
0,117
0,109
0,162
0,123
0,31
0,38
0,109
0,146
0,85
0,195
0,174
0,143
0,121
0,103
0,120
0,15
0,131
0,136
0,159
0,304
0,74
0,498
0,29
0,428
0,4
0,0
0,0
0,1
0,973
0,32
0,0
0,0
0,0
0,132
0,74
0,36
0,658
0,315
0,0
0,275
0,85
0,267
0,57
0,35
0,423
0,54
0,75
0,16
0,78
0,54
0,24
0,107
0,13
0,24
0,1
0,8
0,9
0,0
0,32
0,52
0,44
0,29
0,20
0,33
0,1
0,2
0,4
0,21
0,0
0,51
0,66
0,8
0,0
0,2
0,45
0,0
0,0
0,7
0,3
0,1
0,6
0,0
0,17
0,16
0,292
0,109
0,2
0,4
0,44
0,29
0,194
0,3
0,106
0,0
0,1
0,0
0,14
0,4
0,87
0,56
0,47
0,17
0,0
0,48
0,0
0,57
0,56
0,17
0,0
0,0
0,0
0,145
0,0
0,92
0,21
0,15
0,218
0,18
0,159
0,84
0,1
0,0
0,0
0,203
0,138
0,2
0,149
0,207
0,13
0,0
0,31
0,12
0,20
0,21
0,25
0,27
0,3
0,1
0,39
0,41
0,11
0,4
0,13
0,7
0,3
0,12
0,16
0,3
0,3
0,4
0,9
0,1
0,1
0,40
0,11
0,53
0,14
0,18
0,29
0,34
0,20
0,0
0,0
0,0
0,22
0,26
0,26
0,6
0,5
0,2
0,169
0,34
0,3
0,2
0,1
0,0
0,1
0,0
0,2
0,1
0,0
0,1
0,1
0,190
0,156
0,32
0,133
0,56
0,18
0,20
0,2
0,1
0,20
0,26
0,16
0,28
0,40
0,28
0,75
0,57
0,121
0,289
0,26
0,58
0,53
0,4
0,4
0,0
0,0
0,0
0,0
0,0
0,0
0,0
0,30
0,50
0,3
0,17
0,19
0,125
0,224
0,68
0,60
0,188
0,57
0,2
0,1571
0,20
0,1
0,163
0,32
0,9
0,5
0,1
0,82
0,74
0,3
0,42
0,100
0,2
0,43
0,316
0,11
0,28
0,78
0,540
0,16
0,144
0,20
0,1
0,0
0,0
0,0
0,0
0,0
0,0
0,8
0,0
0,0
0,0
0,0
0,32
0,30
0,41
0,24
0,9
0,1
0,0
0,0
0,1
0,0
0,0
0,0
0,3
0,76
0,444
0,3
0,11
0,32
0,56
0,5
0,15
0,68
0,4
0,276
0,542
0,10
0,7
0,65
0,243
0,60
0,121
0,6
0,39
0,3
0,181
0,0
0,420
0,47
0,12
0,137
0,51
0,2
0,3
0,30
0,3
0,3
0,4
0,5
0,76
0,28
0,123
0,2
0,19
0,1
0,13
0,2
0,9
0,54
0,7
0,22
0,45
0,43
0,61
0,16
0,15
0,2
0,6
0,11
0,3
0,4
0,57
0,34
0,39
0,23
0,38
0,23
0,33
0,19
0,25
0,79
0,5
0,20
0,29
0,1
0,24
0,32
0,18
0,4
0,81
0,70
0,511
0,30
0,86
0,0
0,0
0,4
0,7
0,10
0,58
0,14
0,26
0,312
0,5
0,31
0,0
0,319
0,0
0,0
0,294
0,660
0,13
0,23
0,12
0,80
0,77
0,4
0,29
0,215
0,2
0,0
0,2
0,171
0,6
0,323
0,11
0,54
0,54
0,156
0,49
0,27
0,10
0,66
0,106
0,21
0,74
0,255
0,0
0,3734
0,1
0,932
0,1
0,19
0,0
0,13
0,16
0,27
0,5
0,267
0,61
0,44
0,30
0,83
0,3
0,14
0,0
0,0
0,0
0,100
0,5
0,31
0,707
0,17
0,31
0,26
0,13
0,29
0,48
0,0
0,5
0,3
0,751
0,50
0,15
0,56
0,5
0,18
0,15
0,0
0,22
0,48
0,48
0,39
0,3
0,12
0,30
0,62
0,54
0,178
0,57
0,19
0,12
0,68
0,2020
0,2
0,1
0,93
0,2
0,66
0,38
0,50
0,2
0,1
0,39
0,33
0,1
0,2
0,1
0,0
0,0
0,14
0,6
0,1
0,1
0,5
0,0
0,40
0,18
0,18
0,6
0,5
0,6
0,2
0,31
0,9
0,291
0,25
0,11
0,42
0,543
0,109
0,11
0,0
0,14
0,10
0,38
0,0
0,156
0,102
0,1
0,25
0,155
0,104
0,14
0,47
0,2
0,2
0,8
0,5
0,44
0,57
0,6
0,1
0,1
0,51
0,19
0,25
0,8
0,4
0,6
0,6
0,46
0,0
0,80
0,19
0,38
0,15
0,26
0,44
0,24
0,3
0,27
0,1
0,1
0,6
0,26
0,2
0,633
0,77
0,41
0,13
0,41
0,23
0,33
0,4
0,44
0,2
0,2
0,4
0,6
0,1
0,49
0,45
0,1
0,10
0,4
0,22
0,9
0,5
0,0
0,4
0,33
0,0
0,53
0,256
0,2250
0,370
0,34
0,47
0,35
0,16
0,39
0,28
0,81
0,11
0,17
0,19
0,7
0,1
0,36
0,47
0,38
0,54
0,23
0,7
0,14
0,44
0,2
0,2
0,14
0,11
0,0
0,8
0,0
0,0
0,31
0,289
0,47
0,3
0,9
0,37
0,6
0,0
0,5
0,13
0,40
0,42
0,36
0,42
0,83
0,2
0,0
0,0
0,1
0,0
0,22
0,28
0,5
0,4
0,19
0,137
0,59
0,9
0,76
0,257
0,141
0,27
0,9
0,0
0,0
0,62
0,0
0,504
0,92
0,54
0,89
0,10
0,28
0,50
0,1
0,27
0,5
0,3
0,410
0,2
0,163
0,25
0,38
0,23
0,63
0,54
0,19
0,119
0,0
0,23
0,35
0,7
0,30
0,12
0,65
0,12
0,1
0,3
0,85
0,20
0,362
0,39
0,0
0,4
1,255
1,1
1,5
1,46
1,25
1,1
1,4
1,0
1,11
1,0
1,0
1,0
1,0
1,3
1,2
1,454
1,2
1,1
1,0
1,0
1,0
1,0
1,0
1,0
1,21
1,18
1,36
1,2
1,0
1,1
1,30
1,1
1,3
1,1278
1,4
1,0
1,7
1,62
1,34
1,180
1,4
1,61
1,68
1,2
1,0
1,3
1,9
1,1
1,58
1,7
1,0
1,2
1,2
1,2
1,1
1,1
1,174
1,2
1,0
1,0
1,0
1,0
1,37
1,1
1,0
1,62
1,4
1,0
1,0
1,3
1,0
1,0
1,6
1,20
1,0
1,0
1,0
1,0
1,52
1,182
1,3
1,1
1,171
1,10
1,8
1,405
1,0
1,96
1,0
1,1
1,20
1,19
1,10
1,15
1,0
1,0
1,20
1,0
1,2
1,0
1,17
1,20
1,3
1,11
1,0
1,20
1,55
1,1
1,0
1,73
1,4
1,6
1,135
1,13
1,12
1,7
1,17
1,138
1,0
1,3
1,25
1,0
1,0
1,0
1,0
1,32
1,21
1,14
1,1
1,1
1,2
1,0
1,26
1,2
1,6
1,10
1,1
1,22
1,8
1,3
1,57
1,36
1,15
1,31
1,0
1,0
1,4
1,5
1,59
1,17
1,95
1,27
1,0
1,19
1,14
1,1
1,0
1,0
1,0
1,0
1,0
1,42
1,0
1,49
1,1211
1,0
1,0
1,0
1,0
1,0
1,1
1,7
1,4
1,8
1,19
1,40
1,183
1,22
1,46
1,0
1,0
1,159
1,2
1,150
1,48
1,28
1,1
1,3
1,44
1,7
1,22
1,4
1,1
1,1
1,15
1,13
1,0
1,1
1,105
1,11
1,317
1,6
1,13
1,73
1,97
1,0
1,179
1,161
1,12
1,64
1,0
1,121
1,269
1,135
1,42
1,0
1,34
1,6
1,0
1,38
1,1
1,24
1,11
1,8
1,3
1,4
1,7
1,3
1,18
1,483
1,3
1,113
1,117
1,4
1,45
1,0
1,0
1,1
1,12
1,9
1,129
1,2
1,4
1,7
1,0
1,2
1,2
1,0
1,2
1,3
1,19
1,7
1,0
1,90
1,0
1,46
1,140
1,50
1,0
1,0
1,0
1,0
1,2
1,3
1,0
1,0
1,0
1,0
1,26
1,12
1,349
1,0
1,0
1,0
1,3
1,44
1,31
1,0
1,0
1,0
1,0
1,0
1,0
1,0
1,0
1,94
1,0
1,66
1,80
1,40
1,42
1,144
1,74
1,12
1,23
1,7
1,5
1,37
1,0
1,0
1,1
1,0
1,0
1,8
1,3
1,0
1,22
1,10
1,6
1,13
1,22
1,15
1,1
1,10
1,2
1,21
1,91
1,26
1,19
1,9
1,0
1,219
1,2
1,69
1,32
1,1
1,0
1,49
1,21
1,20
1,355
1,35
1,239
1,145
1,306
1,196
1,253
1,62
1,11
1,0
1,0
1,5
1,69
1,29
1,0
1,2
1,0
1,19
1,33
1,9
1,13
1,0
1,327
1,5
1,0
1,0
1,8
1,480
1,67
1,0
1,0
1,6
1,8
1,24
1,141
1,13
1,33
1,0
1,0
1,0
1,0
1,0
1,0
1,0
1,0
1,0
1,0
1,0
1,0
1,86
1,128
1,4
1,4
1,44
1,624
1,3
1,0
1,38
1,0
1,0
1,2
1,8
1,11
1,12
1,1
1,21
1,23
1,1
1,1
1,5
1,0
1,75
1,20
1,0
1,1
1,13
1,11
1,44
1,0
1,1
1,0
1,0
1,16
1,115
1,73
1,22
1,88
1,2
1,72
1,17
1,89
1,44
1,220
1,39
1,117
1,237
1,6
1,63
1,0
1,50
1,3
1,54
1,30
1,53
1,68
1,40
1,540
1,23
1,768
1,65
1,11
1,1
1,106
1,0
1,38
1,0
1,8
1,20
1,39
1,35
1,35
1,0
1,21
1,4
1,46
1,6
1,6
1,1
1,4
1,0
1,31
1,0
1,0
1,23
1,54
1,6
1,16
1,1
1,2
1,3
1,7
1,8
1,0
1,1
1,8
1,20
1,524
1,171
1,22
1,20
1,8
1,2
1,9
1,4
1,89
1,0
1,0
1,0
1,0
1,19
1,3
1,8
1,4
1,3
1,28
1,32
1,27
1,22
1,33
1,3
1,82
1,26
1,0
1,0
1,0
1,24
1,37
1,21
1,1
1,14
1,18
1,0
1,0
1,0
1,0
1,0
1,0
1,0
1,0
1,0
1,11
1,0
1,4
1,18
1,24
1,13
1,4
1,14
1,6
1,303
1,0
1,0
1,4
1,0
1,13
1,9
1,83
1,134
1,10
1,21
1,102
1,52
1,26
1,16
1,4
1,96
1,10
1,48
1,2
1,23
1,2
1,2
1,65
1,298
1,51
1,47
1,0
1,0
1,0
1,0
1,8
1,0
1,0
1,15
1,15
1,0
1,4
1,0
1,0
1,103
1,154
1,95
1,8
1,5
1,9
1,0
1,47
1,14
1,28
1,0
1,0
1,0
1,0
1,0
1,0
1,0
1,9
1,3
1,5
1,16
1,23
1,4
1,0
1,0
1,0
1,56
1,0
1,0
1,0
1,2
1,0
1,0
1,1
1,5
1,52
1,25
1,14
1,12
1,12
1,15
1,12
1,13
1,0
1,10
1,4
1,12
1,2
1,5
1,1
1,0
1,0
1,33
1,67
1,15
1,52
1,203
1,214
1,0
1,0
1,124
1,0
1,15
1,306
1,49
1,0
1,2
1,118
1,13
1,8
1,31
1,30
1,13
1,3
1,9
1,30
1,0
1,15
1,1
1,0
1,8
1,35
1,8
1,0
1,0
1,0
1,0
1,0
1,0
1,264
1,269
1,82
1,90
1,8105
1,15
1,18
1,40
1,0
1,0
1,5
1,0
1,0
1,0
1,0
1,9
1,84
1,203
1,3
1,2
1,7
1,0
1,12
1,0
1,9
1,1
1,0
1,0
1,17
1,4
1,6
1,24
1,40
1,137
1,8
1,35
1,0
1,0
1,22
1,250
1,67
1,0
1,55
1,2
1,4
1,21
1,1436
1,38
1,14
1,12
1,6
1,26
1,36
1,13
1,11
1,9
1,26
1,32
1,17
1,7
1,27
1,1
1,1
1,27
1,23
1,29
1,35
1,9
1,70
1,75
1,103
1,87
1,84
1,58
1,74
1,46
1,66
1,61
1,32
1,46
1,56
1,145
1,66
1,335
1,693
1,0
1,1
1,0
1,0
1,1
1,0
1,0
1,1
1,39
1,30
1,9
1,30
1,1
1,17
1,27
1,14
1,29
1,26
1,134
1,179
1,52
1,74
1,144
1,47
1,42
1,48
1,1
1,0
1,26
1,14
1,24
1,57
1,136
1,4
1,6
1,24
1,57
1,30
1,12
1,18
1,21
1,6
1,9
1,14
1,128
1,30
1,146
1,16
1,5
1,3
1,2
1,3
1,21
1,86
1,127
1,54
1,5
1,6
1,18
1,41
1,42
1,30
1,0
1,0
1,0
1,0
1,0
1,28
1,27
1,1
1,16
1,95
1,123
1,23
1,662
1,400
1,28
1,88
1,116
1,39
1,83
1,33
1,3
1,3
1,0
1,0
1,0
1,3
1,14
1,0
1,0
1,14
1,4
1,7
1,0
1,1
1,6
1,190
1,7
1,27
1,34
1,17
1,5
1,0
1,0
1,0
1,17
1,0
1,0
1,35
1,211
1,5
1,21
1,3
1,3
1,22
1,3
1,3
1,29
1,11
1,10
1,10
1,1
1,0
1,42
1,1528
1,66
1,12
1,14
1,0
1,1
1,2
1,0
1,38
1,0
1,0
1,0
1,0
1,19
1,115
1,0
1,0
1,1
1,0
1,0
1,0
1,0
1,0
1,1
1,2
1,2
1,2
1,0
1,1
1,0
1,33
1,5
1,57
1,5
1,20
1,0
1,90
1,7
1,16
1,15
1,302
1,102
1,134
1,24
1,8
1,4
1,50
1,104
1,11
1,72
1,0
1,0
1,0
1,0
1,118
1,78
1,9
1,7
1,18
1,4
1,487
1,25
1,15
1,3
1,2137
1,7
1,1
1,0
1,90
1,89
1,0
1,0
1,52
1,2
1,16
1,30
1,15
1,72
1,80
1,42
1,163
1,303
1,2
1,2
1,21
1,8
1,6
1,9
1,14
1,1942
1,20
1,74
1,130
1,10
1,60
1,14
1,0
1,0
1,0
1,0
1,0
1,0
1,0
1,11
1,0
1,8
1,27
1,3
1,21
1,0
1,1
1,0
1,4
1,3
1,2
1,3
1,6
1,108
1,2
1,5
1,25
1,38
1,0
1,1
1,0
1,14
1,9
1,8
1,6
1,6
1,222
1,166
1,43
1,30
1,27
1,8
1,45
1,0
1,47
1,4
1,13
1,7
1,9
1,28
1,0
1,5
1,3922
1,151
1,40
1,12
1,8
1,19
1,25
1,3
1,16
1,7
1,7
1,23
1,81
1,13
1,10
1,1
1,32
1,0
1,77
1,0
1,0
1,0
1,21
1,74
1,4
1,15
1,0
1,0
1,59
1,21
1,5
1,1
1,23
1,2
1,2
1,51
1,7
1,11
1,76
1,0
1,0
1,6
1,26
1,680
1,8
1,284
1,127
1,2327
1,4
1,1
1,0
1,1
1,7
1,0
1,1
1,0
1,47
1,52
1,74
1,340
1,24
1,11
1,2
1,0
1,0
1,0
1,7
1,43
1,2
1,0
1,2
1,26
1,1
1,0
1,2
1,13
1,18
1,101
1,6
1,71
1,53
1,26
1,3
1,6
1,158
1,49
1,0
1,1
1,40
1,89
1,27
1,99
1,49
1,0
1,1
1,3
1,0
1,0
1,14
1,112
1,13
1,56
1,2
1,23
1,9
1,33
1,19
1,55
1,264
1,402
1,84
1,12
1,0
1,1
1,129
1,479
1,198
1,13
1,345
1,22
1,126
1,21
1,0
1,0
1,0
1,1
1,0
1,0
1,21
1,8
1,1
1,0
1,52
1,62
1,38
1,25
1,35
1,254
1,4
1,270
1,0
1,0
1,5
1,1
1,224
1,4
1,0
1,0
1,15
1,26
1,1
1,70
1,4
1,11
1,3
1,2
1,1
1,11
1,19
1,3
1,10
1,6
1,23
1,0
1,7
1,6
1,1
1,6
1,382
1,53
1,220
1,6
1,0
1,12
1,13
1,52
1,142
1,57
1,0
1,1
1,192
1,3
1,2
1,2
1,4
1,9
1,2
1,5
1,13
1,445
1,59
1,16
1,19
1,119
1,21
1,5
1,2
1,36
1,27
1,1
1,2
1,0
1,0
1,3
1,0
1,2
1,0
1,0
1,6
1,0
1,3
1,15
1,12
1,0
1,11
1,32
1,20
1,17
1,1
1,3
1,16
1,9
1,2
1,11
1,0
1,143
1,47
1,10
1,249
1,4
1,36
1,22
1,22
1,9
1,26
1,22
1,21
1,11
1,17
1,17
1,5
1,17
1,33
1,48
1,65
1,37
1,19
1,28
1,22
1,1
1,97
1,30
1,12
1,70
1,41
1,36
1,5
1,0
1,35
1,3
1,0
1,1
1,0
1,84
1,409
1,108
1,0
1,32
1,37
1,11
1,14
1,15
1,52
1,37
1,12
1,26
1,9
1,230
1,36
1,6
1,12
1,0
1,7
1,0
1,3
1,14
1,46
1,15
1,2
1,46
1,1
1,29
1,41
1,0
1,0
1,10
1,30
1,51
1,12
1,57
1,45
1,43
1,24
1,19
1,8
1,3
1,2
1,9
1,1
1,3
1,1
1,7
1,260
1,10
1,78
1,10
1,0
1,6
1,86
1,48
1,16
1,3
1,30
1,11
1,12
1,23
1,134
1,3
1,3
1,5
1,110
1,21
1,69
1,4
1,191
1,156
1,2
1,0
1,146
1,1
1,8
1,8
1,3
1,1
1,43
1,59
1,85
1,150
1,35
1,15
1,60
1,39
1,32
1,17
1,3
1,15
1,1
1,45
1,416
1,0
1,60
1,24
1,148
1,99
1,14
1,155
1,0
1,41
1,5
1,117
1,14
1,88
1,6
1,340
1,16
1,32
1,21
1,8
1,11
1,4
1,27
1,21
1,1
1,8
1,2
1,4
1,48
1,28
1,6
1,13
1,0
1,0
1,0
1,0
1,56
1,1
1,0
1,0
1,0
1,0
1,0
1,127
1,5
1,18
1,70
1,2
1,0
1,87
1,8
1,79
1,5
1,2
1,1
1,0
1,0
1,0
1,1
1,16
1,2
1,17
1,1
1,6
1,3
1,4
1,27
1,1
1,0
1,0
1,0
2,223
2,158
2,1
2,2
2,11
2,5
2,24
2,5
2,0
2,0
2,0
2,0
2,0
2,0
2,0
2,0
2,27
2,1
2,196
2,0
2,0
2,31
2,1
2,0
2,0
2,153
2,13
2,41
2,4
2,4
2,20
2,5
2,80
2,37
2,3
2,22
2,92
2,431
2,36
2,35
2,3
2,45
2,52
2,50
2,28
2,0
2,33
2,0
2,0
2,0
2,0
2,7
2,146
2,44
2,1
2,2
2,0
2,0
2,0
2,2
2,0
2,1
2,0
2,1
2,1
2,0
2,1
2,0
2,0
2,109
2,7
2,19
2,62
2,76
2,18
2,44
2,3
2,2
2,0
2,0
2,0
2,0
2,0
2,0
2,0
2,1
2,0
2,0
2,0
2,1
2,13
2,39
2,31
2,6
2,33
2,0
2,111
2,82
2,25
2,1
2,84
2,3
2,2
2,10
2,0
2,1
2,50
2,10
2,2
2,3
2,2
2,3
2,0
2,0
2,0
2,0
2,0
2,0
2,29
2,0
2,1
2,108
2,0
2,1
2,8
2,30
2,0
2,7
2,8
2,0
2,0
2,0
2,18
2,14
2,1
2,12
2,4
2,0
2,0
2,26
2,17
2,18
2,0
2,148
2,22
2,32
2,1
2,3
2,21
2,29
2,32
2,12
2,42
2,29
2,0
2,19
2,124
2,65
2,3
2,5
2,9
2,118
2,5
2,22
2,12
2,94
2,10
2,9
2,0
2,0
2,0
2,2
2,0
2,0
2,0
2,0
2,26
2,43
2,39
2,14
2,8
2,8
2,0
2,0
2,64
2,6
2,0
2,0
2,9
2,19
2,11
2,3
2,18
2,116
2,31
2,0
2,0
2,0
2,8
2,432
2,1
2,5
2,9
2,0
2,32
2,45
2,0
2,2
2,0
2,0
2,29
2,6
2,5
2,14
2,2
2,2
2,16
2,1
2,10
2,7
2,28
2,0
2,0
2,0
2,1
2,0
2,38
2,24
2,4
2,21
2,1
2,1
2,2
2,8
2,1
2,2
2,2
2,14
2,0
2,3
2,50
2,4
2,4
2,9
2,0
2,17
2,46
2,3
2,14
2,167
2,10
2,248
2,23
2,2
2,5
2,1
2,3
2,43
2,58
2,0
2,197
2,0
2,9
2,15
2,10
2,8
2,38
2,228
2,2
2,16
2,3
2,0
2,0
2,0
2,146
2,15
2,74
2,0
2,2
2,103
2,134
2,25
2,1015
2,3
2,0
2,0
2,1
2,2
2,1
2,60
2,4
2,147
2,199
2,29
2,10
2,25
2,32
2,27
2,0
2,0
2,4
2,0
2,1
2,5
2,49
2,10
2,0
2,23
2,117
2,0
2,0
2,0
2,0
2,5
2,30
2,40
2,7
2,2
2,1
2,0
2,0
2,0
2,19
2,81
2,29
2,4
2,2
2,2
2,0
2,8
2,6
2,11
2,11
2,8
2,51
2,6
2,24
2,21
2,5
2,27
2,43
2,1
2,6
2,1
2,7
2,12
2,16
2,18
2,6
2,19
2,1
2,48
2,73
2,16
2,13
2,11
2,5
2,28
2,14
2,2
2,17
2,12
2,27
2,100
2,80
2,27
2,25
2,28
2,46
2,28
2,4
2,11
2,1
2,186
2,0
2,0
2,13
2,29
2,43
2,2
2,13
2,2259
2,144
2,0
2,13
2,14
2,1
2,0
2,74
2,50
2,1
2,13
2,223
2,12
2,66
2,7
2,9
2,0
2,4
2,23
2,651
2,0
2,1
2,14
2,0
2,8
2,27
2,27
2,5
2,0
2,4
2,53
2,3
2,0
2,0
2,0
2,0
2,0
2,0
2,0
2,0
2,0
2,0
2,17
2,2
2,1
2,0
2,0
2,0
2,0
2,13
2,69
2,16
2,60
2,74
2,131
2,27
2,0
2,41
2,27
2,7
2,2233
2,51
2,7
2,55
2,244
2,1
2,12
2,7
2,1
2,2
2,103
2,3
2,16
2,15
2,15
2,77
2,59
2,1
2,14
2,2
2,2
2,1
2,1
2,0
2,5
2,1331
2,124
2,65
2,30
2,1
2,0
2,0
2,0
2,13
2,3
2,4
2,0
2,0
2,0
2,31
2,2
2,959
2,26
2,2
2,9
2,4
2,6
2,48
2,2
2,6
2,7
2,366
2,54
2,30
2,83
2,10
2,0
2,44
2,53
2,53
2,56
2,61
2,37
2,52
2,423
2,40
2,148
2,103
2,0
2,1
2,3
2,8
2,336
2,113
2,446
2,8
2,18
2,0
2,5
2,2338
2,15
2,64
2,937
2,290
2,151
2,9
2,1
2,0
2,0
2,77
2,67
2,34
2,28
2,31
2,0
2,53
2,72
2,0
2,0
2,2
2,36
2,92
2,306
2,22
2,6
2,0
2,5
2,2
2,10
2,6
2,14
2,12
2,57
2,0
2,3
2,6
2,0
2,0
2,56
2,25
2,11
2,1
2,270
2,24
2,3
2,6
2,4
2,6
2,10
2,16
2,1
2,23
2,0
2,1
2,9
2,12
2,2
2,2
2,1
2,17
2,13
2,5
2,3
2,0
2,0
2,0
2,0
2,16
2,8
2,4
3,0
3,8
3,0
3,2
3,0
3,19
3,4
3,4
3,2
3,2
3,1
3,0
3,0
3,61
3,24
3,1
3,34
3,22
3,8
3,0
3,80
3,0
3,0
3,0
3,0
3,0
3,0
3,58
3,1
3,60
3,67
3,2
3,182
3,92
3,180
3,14
3,0
3,18
3,5
3,287
3,2
3,18
3,19
3,22
3,0
3,151
3,140
3,1
3,67
3,0
3,133
3,65
3,0
3,2
3,0
3,0
3,0
3,2
3,53
3,8
3,6
3,0
3,3
3,5
3,2
3,0
3,5
3,1
3,0
3,161
3,40
3,0
3,0
3,0
3,52
3,0
3,16
3,0
3,0
3,0
3,0
3,0
3,27
3,0
3,0
3,0
3,1
3,158
3,7
3,28
3,5
3,12
3,3
3,73
3,33
3,0
3,5
3,210
3,43
3,0
3,6
3,0
3,7
3,14
3,18
3,5
3,1
3,0
3,12
3,20
3,15
3,0
3,165
3,6
3,0
3,2
3,4
3,9
3,0
3,0
3,33
3,4
3,0
3,2
3,48
3,8
3,3
3,66
3,86
3,409
3,28
3,2
3,2
3,0
3,215
3,635
3,31
3,1
3,8
3,6
3,13
3,0
3,1
3,0
3,4
3,0
3,0
3,0
3,13
3,12
3,22
3,46
3,632
3,0
3,0
3,11
3,13
3,13
3,0
3,0
3,0
3,0
3,4
3,0
3,6
3,2
3,30
3,10
3,64
3,12
3,1
3,0
3,5
3,361
3,24
3,17
3,5
3,0
3,0
3,0
3,0
3,0
3,0
3,7
3,0
3,0
3,4
3,37
3,31
3,32
3,8
3,10
3,0
3,1
3,12
3,4
3,4
3,178
3,33
3,6
3,5
3,1
3,10
3,43
3,34
3,10
3,3
3,4
3,62
3,6
3,1
3,0
3,13
3,2
3,168
3,0
3,13
3,4
3,36
3,45
3,7
3,1
3,383
3,31
3,97
3,12
3,33
3,7
3,70
3,55
3,231
3,4
3,4
3,129
3,21
3,1
3,0
3,4
3,42
3,0
3,0
3,0
3,37
3,289
3,88
3,0
3,11
3,2
3,7
3,1
3,2
3,14
3,1
3,13
3,205
3,5
3,8
3,6
3,13
3,55
3,265
3,8
3,18
3,5
3,4
3,22
3,12
3,0
3,0
3,0
3,1
3,21
3,0
3,0
3,4
3,0
3,0
3,35
3,0
3,20
3,35
3,737
3,2
3,18
3,18
3,32
3,64
3,0
3,2
3,29
3,13
3,28
3,7
3,6
3,3
3,12
3,1
3,7
3,11
3,15
3,17
3,23
3,3
3,3
3,7
3,18
3,25
3,7
3,86
3,3
3,68
3,13
3,25
3,29
3,60
3,18
3,9
3,16
3,32
3,535
3,49
3,50
3,52
3,194
3,22
3,1
3,22
3,16
3,6
3,14
3,17
3,21
3,15
3,10
3,2
3,0
3,8
3,5
3,40
3,82
3,3
3,9
3,36
3,0
3,21
3,9
3,0
3,0
3,10
3,12
3,38
3,46
3,275
3,0
3,0
3,0
3,0
3,0
3,0
3,13
3,0
3,0
3,49
3,12
3,3
3,0
3,167
3,554
3,364
3,3
3,216
3,8
3,85
3,24
3,13
3,0
3,11
3,4
3,4
3,2
3,46
3,179
3,417
3,0
3,35
3,681
3,2
3,12
3,15
3,21
3,140
3,0
3,17
3,0
3,0
3,16
3,223
3,28
3,0
3,52
3,75
3,97
3,43
3,59
3,0
3,0
3,5
3,4
3,4
3,1
3,4
3,112
3,3
3,2
3,7
3,0
3,9
3,5
3,39
3,3
3,2
3,40
3,2
3,1
3,10
3,21
3,166
3,0
3,62
3,170
3,15
3,1
3,2
3,1044
3,547
3,9
3,1
3,2
3,82
3,28
3,305
3,69
3,48
3,4
3,59
3,29
3,7
3,156
3,22
3,303
3,12
3,3
3,2
3,4
3,2
3,21
3,3
3,3
3,4
3,0
3,0
3,4
3,0
3,1
3,29
3,11
3,4
3,7
3,2
3,12
3,1
3,462
3,388
3,1
3,6
3,1
3,9
3,10
3,4
3,48
3,1
3,1
3,17
3,14
3,16
3,12
3,5
3,8
3,25
3,4
3,5
3,3
3,2
3,1
3,0
3,6
3,0
3,3
3,6
3,11
3,0
3,0
3,0
3,0
3,18
3,16
3,3
3,42
3,9
3,6
3,0
3,3
3,4
3,13
3,7
3,1
3,0
3,27
3,6
3,0
3,0
3,0
3,0
3,0
3,22
3,2
3,7
3,5
3,29
3,7
3,3
3,2
3,0
3,500
3,23
3,8
3,4
3,3
3,13
3,8
3,35
3,16
3,4
3,44
3,2
3,0
3,5
3,12
3,5
3,2
3,568
3,8
3,17
3,12
3,1
3,10
3,4
3,0
3,0
3,0
3,0
3,3
3,0
3,1
3,0
3,128
3,21
3,0
3,1
3,6
3,41
3,0
3,19
3,14
3,5
3,13
3,5
3,3
3,11
3,0
3,0
3,0
3,0
3,0
3,13
3,5
3,6
3,7
3,0
3,0
3,0
3,0
3,0
3,0
3,0
3,1
3,0
3,1
3,16
3,12
3,9
3,3
3,43
3,3
3,81
3,0
3,0
3,0
3,3
3,14
3,12
3,0
3,0
3,0
3,0
3,0
3,3
3,21
3,16
3,8
3,7
3,10
3,17
3,17
3,6
3,4
3,15
3,10
3,45
3,20
3,40
3,40
3,12
3,29
3,27
3,35
3,30
3,0
3,33
3,13
3,5
3,160
3,5
3,20
3,0
3,0
3,7
3,8
3,13
3,5
3,3
3,6
3,6
3,7
3,0
3,8
3,8
3,0
3,96
3,0
3,11
3,134
3,11
3,12
3,10
3,12
3,7
3,5
3,4
3,2
3,0
3,1
3,1
3,168
3,0
3,0
3,0
3,41
3,0
3,0
3,0
3,0
3,0
3,0
3,0
3,0
3,14
3,1
3,4
3,0
3,71
3,332
3,10
3,19
3,69
3,0
3,0
3,0
3,0
3,3
3,0
3,0
3,0
3,0
3,0
3,0
3,0
3,0
3,0
3,85
3,24
3,50
3,58
3,16
3,16
3,8
3,2
3,0
3,12
3,15
3,8
3,0
3,28
3,8
3,14
3,4
3,9
3,296
3,173
3,0
3,0
3,0
3,2
3,77
3,43
3,9
3,41
3,51
3,0
3,82
3,635
3,1
3,30
3,21
3,27
3,9
3,1
3,1
3,12
3,6
3,6
3,0
3,1
3,0
3,10
3,15
3,51
3,37
3,97
3,41
3,30
3,23
3,5
3,97
3,8
3,69
3,48
3,71
3,119
3,86
3,14
3,41
3,55
3,13
3,2
3,2
3,41
3,39
3,243
3,13
3,67
3,0
3,0
3,0
3,1
3,3
3,2
3,81
3,2
3,6
3,37
3,32
3,18
3,7
3,34
3,3
3,9
3,213
3,185
3,3
3,49
3,0
3,17
3,14
3,22
3,41
3,2
3,1
3,28
3,8
3,10
3,12
3,69
3,23
3,9
3,1
3,0
3,1
3,1
3,1
3,0
3,24
3,37
3,1
3,228
3,8
3,62
3,0
3,0
3,2
3,0
3,0
3,0
3,143
3,25
3,43
3,0
3,15
3,15
3,237
3,6
3,128
3,104
3,0
3,0
3,0
3,1
3,5
3,411
3,4
3,9
3,0
3,0
3,65
3,20
3,12
3,0
3,0
3,17
3,28
3,164
3,2
3,0
3,1
3,1
3,0
3,9
3,0
3,0
3,6
3,3
3,7
3,27
3,0
3,3
3,22
3,19
3,74
3,1
3,14
3,3
3,3
3,24
3,2
3,1
3,5
3,1
3,236
3,2
3,0
3,17
3,19
3,6
3,8
3,4
3,37
3,3
3,5
3,8
3,27
3,16
3,2
3,0
3,0
3,0
3,0
3,0
3,0
3,0
3,22
3,28
3,212
3,157
3,80
3,2
3,10
3,4
3,28
3,0
3,0
3,0
3,0
3,1
3,0
3,0
3,0
3,0
3,0
3,48
3,13
3,33
3,0
3,3
3,28
3,112
3,17
3,50
3,86
3,14
3,30
3,380
3,11
3,12
3,7
3,11
3,6
3,2
3,18
3,11
3,12
3,112
3,5
3,485
3,10
3,0
3,0
3,0
3,0
3,0
3,0
3,0
3,26
3,3
3,11
3,3
3,82
3,69
3,20
3,20
3,18
3,548
3,6
3,886
3,13
3,3
3,0
3,86
3,19
3,1
3,1
3,1
3,1
3,18
3,7
3,55
3,7
3,11
3,82
3,0
3,0
3,3
3,5
3,24
3,7
3,2
3,53
3,288
3,0
3,93
3,147
3,248
3,34
3,92
3,12
3,41
3,0
3,38
3,3
3,0
3,12
3,13
3,127
3,44
3,0
3,0
3,0
3,0
3,0
3,0
3,0
3,0
3,0
3,1
3,0
3,0
3,1
3,0
3,0
3,0
3,0
3,1
3,7
3,0
3,0
3,0
3,0
3,0
3,45
3,237
3,0
3,0
3,95
3,95
3,3
3,45
3,13
3,92
3,19
3,6
3,2
3,2
3,5
3,29
3,9
3,6
3,16
3,11
3,2
3,42
3,0
3,35
3,38
3,25
3,1
3,24
3,16
3,0
3,2
3,0
3,5
3,46
3,23
3,6
3,12
3,0
3,0
3,30
3,5
3,10
3,13
3,15
3,0
3,19
3,16
3,0
3,23
3,0
3,0
3,0
3,0
3,146
3,2
3,0
3,0
3,0
3,0
3,7
3,17
3,15
3,2
3,242
3,509
3,576
3,69
3,15
3,67
3,13
3,15
3,51
3,49
3,0
3,0
3,0
3,1
3,6
3,114
3,28
3,8
3,14
3,13
3,3
3,3
3,1
3,13
3,4
3,22
3,9
3,13
3,24
3,27
3,1342
3,0
3,0
3,1
3,0
3,2
3,0
3,873
3,6
3,3
3,12
3,22
3,7
3,27
3,16
3,30
3,89
3,0
3,12
3,10
3,15
3,354
3,6
3,5
3,15
3,9
3,3
3,18
3,12
3,1
3,23
3,1
3,10
3,144
3,5
3,3
3,8
3,5
3,0
3,0
3,2
3,0
3,0
3,0
3,0
3,0
3,0
3,135
3,10
3,507
3,28
3,0
3,9
3,6
3,0
3,49
3,1
3,2
3,58
3,1065
3,35
3,6
3,62
3,0
3,0
3,0
3,0
3,0
3,0
3,0
3,12
3,8
3,4
3,1
3,1
3,1
3,48
3,0
3,17
3,6
3,0
3,46
3,23
3,12
3,19
3,9
3,47
3,51
3,1
3,17
3,195
3,184
3,5
3,3
3,1
3,4
3,0
3,35
3,132
3,991
3,1
3,0
3,33
3,0
3,43
3,37
3,1
3,0
3,0
3,24
3,11
3,0
3,20
3,6
3,144
3,104
3,30
3,16
3,1
3,4
3,17
3,8
3,5
3,1
3,3
3,11
3,33
3,12
3,22
3,6
3,13
3,14
3,14
3,17
3,23
3,4
3,41
3,6
3,2
3,4
3,0
3,12
3,18
3,18
3,19
3,4
3,0
3,1
3,0
3,0
3,0
3,0
3,0
3,70
3,0
3,0
3,424
3,1
3,23
3,1
3,17
3,3
3,8
3,7
3,5
3,0
3,0
3,0
3,38
3,3
3,6
3,3
3,10
3,143
3,30
3,13
3,8
3,23
3,19
3,27
3,23
3,8
3,14
3,22
3,8
3,12
3,14
3,23
3,20
3,22
3,7
3,0
3,1
3,0
3,3
3,1
3,0
3,23
3,11
3,0
3,7
3,0
3,0
3,31
3,9
3,23
3,5
3,10
3,11
3,9
3,10
3,13
3,24
3,42
3,13
3,89
3,28
3,2
3,99
3,6
3,4
3,66
3,22
3,16
3,0
3,0
3,0
3,0
3,0
3,0
3,0
3,0
3,0
3,1315
3,0
3,41
3,9
3,23
3,40
3,10
3,14
3,37
3,0
3,0
3,11
3,70
3,9
3,177
3,29
3,0
3,6
3,40
3,5
3,11
3,4
3,4
3,1
3,47
3,9
3,13
3,26
3,5
3,14
3,12
3,7
3,19
3,2
3,9
3,34
3,39
3,20
3,6
3,11
3,0
3,32
3,47
3,21
3,26
3,479
3,28
3,3
3,1
3,10
3,4
3,1
3,3
3,0
3,1
3,7
3,61
3,17
3,8
3,1
3,1
3,46
3,8
3,0
3,21
3,33
3,0
3,2
3,43
3,56
3,21
3,34
3,14
3,19
3,23
3,4
3,27
3,77
3,1
3,5
3,3
3,443
3,6
3,0
3,21
3,0
3,2
3,1
3,1
3,5
3,14
3,0
3,0
3,0
3,0
3,0
3,0
3,29
3,0
3,124
3,0
3,105
3,113
3,1
3,0
4,0
4,44
4,0
4,4
4,156
4,24
4,4
4,6
4,0
4,0
4,2
4,3
4,0
4,5
4,1
4,47
4,14
4,30
4,2
4,8
4,2
4,71
4,0
4,0
4,0
4,0
4,4
4,0
4,25
4,28
4,57
4,76
4,97
4,100
4,16
4,11
4,25
4,18
4,47
4,1
4,0
4,3
4,14
4,0
4,0
4,0
4,0
4,34
4,1
4,1
4,0
4,0
4,1
4,15
4,0
4,0
4,9
4,3
4,658
4,58
4,0
4,48
4,0
4,0
4,0
4,73
4,6
4,2
4,0
4,1
4,0
4,0
4,0
4,0
4,15
4,0
4,0
4,37
4,2
4,0
4,1
4,17
4,1
4,9
4,12
4,4
4,0
4,18
4,6
4,616
4,1
4,5
4,0
4,9
4,21
4,1
4,2
4,60
4,0
4,0
4,17
4,7
4,0
4,2
4,3
4,3
4,3
4,5
4,1
4,14
4,0
4,0
4,2
4,0
4,0
4,7
4,11
4,0
4,16
4,2
4,0
4,3
4,0
4,4
4,5
4,1
4,1
4,12
4,10
4,2
4,1
4,30
4,11
4,29
4,5
4,66
4,6
4,3
4,3
4,1
4,8
4,12
4,29
4,30
4,12
4,6
4,40
4,28
4,0
4,1
4,7
4,0
4,0
4,0
4,0
4,0
4,4
4,305
4,5
4,17
4,1
4,13
4,0
4,3
4,3
4,7
4,9
4,42
4,37
4,865
4,0
4,2
4,0
4,16
4,19
4,124
4,197
4,0
4,0
4,0
4,0
4,0
4,11
4,1
4,46
4,1
4,196
4,0
4,17
4,2
4,1
4,5
4,0
4,0
4,12
4,17
4,29
4,199
4,3
4,1
4,107
4,1
4,58
4,54
4,41
4,6
5,183
5,0
5,7
6,0
6,9
6,4
6,5
6,327
6,30
6,0
6,0
6,0
6,0
6,0
6,0
6,0
6,0
6,0
6,0
6,0
6,0
6,1
6,2
6,143
6,9
6,0
6,1
6,8
6,22
6,15
6,27
6,30
6,3
6,72
6,17
6,81
6,71
6,1
6,0
6,0
6,13
6,90
6,450
6,36
6,0
6,0
6,0
6,0
6,0
6,0
6,7
6,0
6,0
6,1
6,0
6,0
6,1
6,0
6,0
6,0
6,0
6,704
6,16
6,16
6,0
6,0
6,0
6,3
6,0
6,0
6,0
6,1
6,0
6,1
6,0
6,1
6,0
6,0
6,0
6,0
6,10
6,2
6,0
6,9
6,0
6,7
6,31
6,127
6,0
6,0
6,184
6,45
6,5
6,39
6,24
6,4
6,10
6,17
6,0
6,32
6,167
6,0
6,3
6,2
6,0
6,4
6,0
6,0
6,5
6,0
6,0
6,9
6,10
6,3
6,6
6,41
6,29
6,3
6,0
6,6
6,10
6,1
6,0
6,19
6,32
6,5
6,6
6,6
6,0
6,0
6,0
6,2
6,5
6,48
6,0
6,0
6,43
6,11
6,14
6,1
6,0
6,23
6,4
6,3
6,6
6,32
6,15
6,0
6,6
6,1
6,0
6,0
6,0
6,0
6,0
6,0
6,0
6,0
6,21
6,8
6,14
6,1
6,0
6,16
6,39
6,7
6,0
6,4
6,14
6,3
6,3
6,16
6,1
6,13
6,0
6,0
6,0
6,54
6,392
6,55
6,4
6,10
6,0
6,0
6,0
6,0
6,0
6,0
6,0
6,74
6,127
6,12
6,2
6,12
6,0
6,111
6,0
6,2
6,32
6,0
6,1
6,0
6,102
6,35
6,13
6,15
6,3
6,30
6,14
6,2
6,6
6,0
6,1
6,6
6,7
6,4
6,28
6,12
6,14
6,21
6,184
6,14
6,19
6,79
6,2
6,0
6,14
6,4
6,102
6,52
6,0
6,0
6,20
6,0
6,14
6,1
6,216
6,7
6,4
6,17
6,8
6,26
6,25
6,30
6,83
6,2
6,4
6,0
6,35
6,184
6,1
6,2
6,0
6,7
6,7
6,0
6,72
6,61
6,0
6,0
6,0
6,0
6,12
6,4
6,82
6,5
6,37
6,72
6,416
6,25
6,107
6,4
6,1
6,1
6,1
6,0
6,5
6,0
6,80
6,0
6,6
6,16
6,26
6,407
6,0
6,27
6,12
6,1008
6,59
6,3
6,12
6,9
6,8
6,0
6,0
6,0
6,0
6,0
6,0
6,89
6,7
6,1111
6,0
6,0
6,0
6,75
6,12
6,3
6,775
6,2
6,0
6,0
6,33
6,2
6,1
6,0
6,11
6,84
6,0
6,7
6,6
6,8
6,31
6,5
6,12
6,3
6,2
6,0
6,0
6,0
6,14
6,5
6,4
6,2
6,4
6,13
6,19
6,1
6,15
6,33
6,11
6,17
6,16
6,5
6,8
6,5
6,0
6,7
6,0
6,6
6,21
6,651
6,4
6,6
6,6
6,14
6,23
6,24
6,180
6,273
6,17
6,26
6,13
6,62
6,33
6,7
6,11
6,143
6,185
6,89
6,195
6,52
6,33
6,92
6,28
6,21
6,2
6,28
6,116
6,1
6,17
6,25
6,1
6,1
6,2
6,0
6,0
6,0
6,0
6,0
6,18
6,21
6,4
6,13
6,16
6,10
6,60
6,33
6,10
6,61
6,89
6,0
6,8
6,18
6,26
6,9
6,9
6,68
6,0
6,15
6,0
6,0
6,0
6,0
6,0
6,0
6,0
6,0
6,0
6,0
6,531
6,71
6,0
6,0
6,0
6,0
6,0
6,73
6,224
6,4
6,4
6,3
6,3
6,6
6,360
6,115
6,2
6,1
6,0
6,31
6,37
6,2
6,0
6,1
6,1
6,1
6,2
6,7
6,2
6,2
6,5
6,15
6,2
6,8
6,0
6,0
6,0
6,15
6,43
6,30
6,5
6,57
6,86
6,0
6,31
6,5
6,5
6,13
6,3
6,1
6,23
6,3
6,4
6,6
6,93
6,1
6,103
6,45
6,36
6,14
6,5
6,4
6,59
6,4
6,2
6,0
6,4
6,0
6,1
6,0
6,148
6,55
6,7
6,259
6,470
6,1714
6,0
6,20
6,6
6,56
6,21
6,7
6,1
6,26
6,0
6,0
6,2
6,31
6,30
6,15
6,3
6,9
6,5
6,34
6,2
6,28
6,0
6,0
6,0
6,2
6,0
6,6
6,3
6,33
6,0
6,5
6,0
6,142
6,7
6,59
6,8
6,11
6,21
6,9
6,71
6,1
6,6
6,6
6,6
6,0
6,0
6,0
6,0
6,6
6,3
6,6
6,1
6,27
6,12
6,913
6,4
6,6
6,0
6,0
6,15
6,1
6,15
6,0
6,0
6,80
6,21
6,29
6,39
6,10
6,13
6,12
6,0
6,0
6,0
6,0
6,0
6,273
6,0
6,11
6,12
6,16
6,0
6,0
6,49
6,6
6,14
6,292
6,50
6,4
6,23
6,10
6,1
6,1
6,11
6,16
6,13
6,13
6,19
6,0
6,0
6,0
6,6
6,7
6,69
6,47
6,0
6,0
6,8
6,12
6,11
6,0
6,0
6,0
6,5
6,3
6,9
6,1
6,35
6,0
6,0
6,0
6,0
6,0
6,0
6,5
6,7
6,11
6,24
6,7
6,2
6,0
6,7
6,0
6,0
6,0
6,7
6,4
6,0
6,0
6,0
6,0
6,4
6,0
6,2
6,14
6,0
6,4
6,3
6,6
6,0
6,0
6,33
6,0
6,22
6,0
6,0
6,10
6,2
6,172
6,0
6,0
6,11
6,5
6,12
6,11
6,12
6,0
6,0
6,52
6,2
6,1
6,3
6,89
6,12
6,11
6,0
6,0
6,0
6,2
6,0
6,0
6,0
6,0
6,0
6,0
6,49
6,20
6,58
6,42
6,8
6,8
6,11
6,11
6,0
6,0
6,0
6,0
6,1
6,1
6,1
6,0
6,0
6,0
6,0
6,0
6,0
6,0
6,126
6,161
6,5
6,11
6,6
6,0
6,12
6,7
6,10
6,104
6,0
6,10
6,18
6,15
6,37
6,10
6,109
6,313
6,0
6,190
6,15
6,7
6,0
6,5
6,0
6,0
6,0
6,0
6,12
6,9
6,0
6,8
6,6
6,7
6,2
6,5
6,4
6,15
6,9
6,13
6,3
6,3
6,26
6,2
6,4
6,1
6,5
6,66
6,49
6,8
6,5
6,4
6,60
6,6
6,35
6,80
6,77
6,47
6,48
6,53
6,41
6,31
6,42
6,149
6,1
6,380
6,0
6,0
6,10
6,19
6,1
6,12
6,56
6,0
6,0
6,112
6,3
6,5
6,40
6,130
6,3
6,30
6,2
6,98
6,83
6,0
6,0
6,0
6,0
6,2
6,30
6,14
6,0
6,17
6,19
6,18
6,48
6,1
6,53
6,6
6,16
6,448
6,6
6,1
6,20
6,4
6,7
6,11
6,18
6,11
6,10
6,20
6,28
6,14
6,4
6,21
6,79
6,92
6,0
6,0
6,3
6,1
6,7
6,1
6,2
6,1
6,1
6,2
6,27
6,8
6,0
6,60
6,4
6,4
6,0
6,35
6,0
6,20
6,68
6,7
6,3
6,0
6,69
6,3
6,0
6,0
6,0
6,0
6,0
6,0
6,0
6,0
6,18
6,0
6,0
6,21
6,29
6,1
6,0
6,0
6,11
6,0
6,5
6,13
6,5
6,5
6,0
6,0
6,1
6,9
6,4
6,7
6,1
6,2
6,0
6,0
6,16
6,0
6,0
6,17
6,19
6,695
6,2
6,7
6,5
6,5
6,1
6,2
6,9
6,8
6,3
6,1
6,7
6,2
6,7
6,2
6,2
6,1
6,5
6,22
6,21
6,3
6,2
6,1
6,3
6,8
6,3
6,3
6,2
6,6
6,17
6,29
6,4
6,2
6,0
6,0
6,0
6,0
6,0
6,0
6,0
6,3
6,3
6,17
6,1
6,0
6,2
6,0
6,0
6,0
6,10
6,0
6,0
6,1
6,1
6,0
6,1
6,0
6,0
6,0
6,1
6,0
6,1
6,0
6,0
6,3
6,1
6,0
6,1
6,9
6,2
6,11
6,8
6,23
6,63
6,16
6,35
6,0
6,5
6,175
6,24
6,9
6,3
6,13
6,29
6,132
6,27
6,22
6,0
6,0
6,2
6,0
6,0
6,0
6,0
6,61
6,5
6,4
6,4
6,0
6,16
6,4
6,0
6,152
6,1
6,28
6,5
6,1
6,66
6,7
6,3
6,8
6,52
6,18
6,8
6,11
6,0
6,0
6,0
6,2
6,1
6,15
6,17
6,1
6,41
6,104
6,59
6,0
6,48
6,29
6,63
6,2
6,1
6,0
6,13
6,3
6,12
6,0
6,9
6,45
6,2
6,0
6,0
6,0
6,0
6,0
6,0
6,0
6,0
6,0
6,0
6,0
6,0
6,10
6,0
6,0
6,0
6,0
6,0
6,0
6,0
6,0
6,0
6,0
6,0
6,0
6,0
6,0
6,2
6,3
6,1
6,9
6,25
6,143
6,118
6,18
6,9
6,1
6,0
6,13
6,14
6,7
6,8
6,14
6,0
6,29
6,0
6,20
6,15
6,2
6,16
6,0
6,1
6,0
6,57
6,0
6,41
6,30
6,12
6,1
6,22
6,4
6,5
6,7
6,75
6,59
6,0
6,14
6,0
6,0
6,2
6,50
6,4
6,8978
6,8
6,0
6,24
6,1
6,3
6,7
6,6
6,0
6,0
6,0
6,0
6,4
6,280
6,89
6,5
6,59
6,7
6,32
6,31
6,17
6,11
6,43
6,232
6,22
6,42
6,55
6,0
6,0
6,0
6,0
6,5
6,33
6,16
6,1
6,24
6,19
6,95
6,80
6,18
6,10
6,21
6,16
6,32
6,19
6,31
6,21
6,0
6,1
6,1
6,0
6,2
6,0
6,58
6,21
6,2
6,21
6,9
6,1
6,7
6,1
6,0
6,8
6,26
6,0
6,0
6,0
6,1
6,0
6,1
6,15
6,50
6,2
6,9
6,12
6,22
6,28
6,3
6,2
6,208
6,43
6,15
6,6
6,48
6,3
6,0
6,26
6,0
6,7
6,3
6,0
6,0
6,18
6,41
6,4
6,140
6,20
6,5
6,374
6,85
6,15
6,72
6,54
6,355
6,10
6,1
6,0
6,19
6,75
6,0
6,0
6,0
6,0
6,0
6,0
6,0
6,0
6,0
6,0
6,1
6,1
6,41
6,36
6,60
6,0
6,0
6,14
6,7
6,27
6,154
6,2
6,0
6,11
6,4
6,7
6,6
6,2
6,119
6,18
6,0
6,3
6,0
6,2
6,20
6,0
6,0
6,0
6,0
6,0
6,0
6,0
6,3
6,9
6,11
6,12
6,5
6,7
6,0
6,13
6,8
6,4
6,152
6,1
6,6
6,0
6,1
6,0
6,3
6,10
6,0
6,23
6,14
6,1
6,0
6,22
6,88
6,21
6,59
6,1
6,56
6,80
6,245
6,0
6,1
6,31
6,34
6,293
6,16
6,31
6,10
6,0
6,1
6,0
6,3
6,2
6,3
6,3
6,10
6,14
6,7
6,11
6,29
6,9
6,0
6,0
6,0
6,0
6,59
6,0
6,16
6,12
6,5
6,32
6,4
6,4
6,0
6,0
6,18
6,28
6,2
6,12
6,6
6,38
6,9
6,3
6,312
6,3
6,18
6,20
6,6
6,11
6,3
6,12
6,20
6,7
6,7
6,4
6,3
6,5
6,27
6,15
6,1
6,1
6,1
6,8
6,19
6,1
6,27
6,7
6,10
6,8
6,0
6,0
6,0
6,5
6,0
6,29
6,6
6,0
6,1
6,0
6,13
6,20
6,0
6,52
6,27
6,20
6,11
6,8
6,0
6,5
6,6
6,3
6,200
6,40
6,0
6,0
6,0
6,0
6,6
6,0
6,0
6,0
6,6
6,2
6,65
6,35
6,7
6,0
6,0
6,37
6,16
6,1
6,1
6,4
6,35
6,14
6,8
6,10
6,11
6,21
6,9
6,3
6,28
6,136
6,3
6,0
6,0
6,11
6,5
6,1
6,8
6,13
6,4
6,27
6,5
6,13
6,2
6,11
6,2
6,6
6,1
6,4
6,0
6,36
6,0
6,19
6,37
6,14
6,184
6,4
6,2
6,4
6,1
6,2
6,124
6,4
6,7
6,64
6,4
6,9
6,11
6,12
6,10
6,4
6,32
6,64
6,5
6,0
6,5
6,0
6,0
6,0
6,9
6,0
6,13
6,0
6,8
6,17
6,9
6,5
6,5
6,15
6,0
6,8
6,726
6,5
6,3
6,7
6,14
6,11
6,133
6,1
6,11
6,9
6,103
6,136
6,35
6,23
6,42
6,2
6,1
6,0
6,0
6,7
6,0
6,0
6,0
6,79
6,4
6,7
6,29
6,946
6,211
6,0
6,0
6,0
6,0
6,0
6,10
6,45
6,0
6,0
6,0
6,0
6,2
6,110
6,0
6,1
6,0
6,54
6,19
6,159
6,5
6,4
6,108
6,10
6,16
6,1
6,65
6,1
6,30
6,17
6,29
6,10
6,6
6,3
6,0
6,436
6,13
6,1
6,5
6,1
6,58
6,60
6,87
6,78
6,59
6,0
6,5
6,15
6,31
6,12
6,67
6,40
6,16
6,33
6,6
6,1
6,0
6,0
6,0
6,17
6,1
6,6
6,4
6,8
6,0
6,2
6,0
6,1
6,1
6,11
6,1
6,18
6,19
6,9
6,26
6,201
6,96
6,4
6,301
6,2
6,6
6,1
6,5
6,7
6,1
6,54
6,5
6,4
6,9
6,638
6,9
6,13
6,67
6,9
6,417
6,2
6,0
6,0
6,0
6,5
6,11
6,53
6,1
6,0
6,1
6,460
6,95
6,4
6,7
6,3
6,14
6,1
6,2
6,1
6,0
6,1
6,1
6,0
6,1
6,250
6,68
6,14
6,22
6,39
6,14
6,1
6,0
6,0
6,0
6,4
6,8
6,46
6,261
6,23
6,22
6,4
6,20
6,12
6,2
6,0
6,2
6,48
6,3
6,57
6,41
6,230
6,3
6,21
6,360
6,37
6,21
6,4
6,2
6,42
6,408
6,7
6,0
6,0
6,0
6,2
6,391
6,3
6,1
6,22
6,125
6,2
6,23
6,3
6,60
6,26
6,13
6,18
6,31
6,0
6,0
6,5
6,1
6,62
6,324
6,22
6,6
6,63
6,13
6,37
6,0
6,1
6,3
6,53
6,23
6,40
6,2
6,0
6,61
6,37
6,0
6,11
6,11
6,1
6,7
6,16
6,12
6,3
6,11
6,0
6,29
6,27
6,20
6,4
6,21
6,3
6,0
6,22
6,20
6,8
6,5
6,7
6,11
6,8
6,18
6,67
6,1
6,2
6,3
6,0
6,1
6,6
6,2
6,0
6,0
6,0
6,7
6,5
6,35
6,4
6,26
6,0
6,2
6,0
6,0
6,0
6,0
6,0
6,0
6,0
6,0
6,0
6,0
6,0
6,0
6,0
6,0
6,124
6,6
6,5
6,2
6,3
6,0
6,22
6,4
6,0
6,0
6,2
6,17
6,21
6,67
6,0
6,85
6,0
6,6
6,42
6,1
6,0
6,16
6,342
6,309
6,1
6,16
6,22
6,6
6,236
6,15
6,0
6,54
6,0
6,0
6,12
6,0
6,1
6,0
6,5
6,7
6,12
6,2
6,10
6,37
6,30
6,5
6,1
6,23
6,19
6,0
6,0
6,0
6,0
6,0
6,0
6,0
6,0
6,0
6,0
6,0
6,0
6,0
6,65
6,0
6,0
6,0
6,3
6,0
6,0
6,0
6,0
6,1
6,0
6,2
6,0
6,21
6,20
6,2
6,8
6,6
6,6
6,49
6,6
6,2
6,2
6,0
6,1
6,1
6,17
6,1
6,1
6,77
6,136
6,4
6,162
6,191
6,1
6,12
6,33
6,2
6,1
6,0
6,57
6,71
6,2
6,33
6,0
6,94
6,31
6,56
6,11
6,40
6,12
6,16
6,35
6,30
6,10
6,2
6,28
6,3
6,2
6,1
6,27
6,32
6,50
6,1
6,10
6,2
6,13
6,2
6,18
6,44
6,10
6,48
6,1
6,222
6,2
6,15
6,3
6,123
6,78
6,2
6,7
6,145
6,154
6,4
6,5
6,89
6,3
6,0
6,1
6,6
6,73
6,13
6,26
6,0
6,3
6,5
6,0
6,3
6,31
6,17
6,3
6,23
6,29
6,17
6,22
6,8
6,39
6,38
6,32
6,40
6,21
6,24
6,5
6,23
6,20
6,25
6,27
6,0
6,11
6,0
6,20
6,6
6,1
6,4
6,14
6,2
6,5
6,12
6,0
6,3
6,13
6,12
6,26
6,28
6,295
6,12
6,22
6,66
6,354
6,4
6,45
6,0
6,0
6,0
6,0
6,0
6,0
6,1
6,15
6,2
6,78
6,51
6,360
6,4
6,76
6,9
6,65
6,1
6,1
6,16
6,5
6,0
6,0
6,0
6,0
6,0
6,0
6,0
6,11
6,58
6,1
6,26
6,7
6,32
6,5
6,0
6,152
6,0
6,0
6,1
6,4
6,0
6,13
6,16
6,28
6,65
6,29
6,22
6,5
6,89
6,23
6,0
6,11
6,2
6,9
6,0
6,6
6,0
6,0
6,67
6,75
6,98
6,3
6,60
6,12
6,2
6,4
6,57
6,9
6,62
6,30
6,2
6,0
6,86
6,10
6,2
6,11
6,0
6,137
6,15
6,0
6,11
6,16
6,2
6,21
6,15
6,38
6,60
6,0
6,0
6,0
6,0
6,0
6,25
6,18
6,6
6,13
6,3
6,2
6,3
6,1
6,2
6,2
6,1
6,83
6,17
6,19
6,6
6,0
6,0
6,0
6,34
6,1
6,16
6,1
6,4
6,25
6,14
6,1
6,0
6,10
6,20
6,8
6,470
6,33
6,24
6,35
6,39
6,36
6,0
6,0
6,20
6,27
6,17
6,73
6,0
6,9
6,16
6,10
6,2
6,5
6,15
6,11
6,11
6,8
6,15
6,27
6,13
6,28
6,435
6,56
6,6
6,30
6,37
6,80
6,28
6,29
6,1
6,6
6,1
6,21
6,51
6,45
6,10
6,5
6,1
6,2
6,0
6,8
6,31
6,4
6,38
6,11
6,12
6,1
6,7
6,0
6,0
6,0
6,5
6,35
6,6
6,13
6,8
6,2
6,6
6,0
6,1
6,50
6,23
6,11
6,49
6,28
6,17
6,14
6,38
6,14
6,0
6,0
6,10
6,6
6,3
6,10
6,0
6,0
6,0
6,3
6,0
6,13
6,3
6,33
6,4
6,49
6,3
6,18
6,31
6,4
6,7
6,1
6,0
6,210
6,5
6,8
6,149
6,1
6,0
6,60
6,1
6,13
6,65
6,75
6,7
6,38
6,14
6,33
6,56
6,27
6,64
6,82
6,0
6,22
6,2
6,41
6,63
6,2
6,2
6,2
6,0
6,7
6,0
6,1
6,0
6,66
6,24
6,50
6,16
6,0
6,22
6,10
6,82
6,25
6,18
6,5
6,11
6,6
6,18
6,8
6,47
6,54
6,3
6,1
6,2
6,1
6,2
6,41
6,94
6,28
6,34
6,0
6,35
6,19
6,26
6,4
6,14
6,43
6,200
6,16
6,366
6,3
6,17
6,0
6,23
6,16
6,1
6,0
6,0
6,0
6,2
6,1
6,0
6,79
6,4
6,359
6,97
6,96
6,28
6,18
6,32
6,28
6,6
6,39
6,16
6,21
6,1
6,0
6,0
6,43
6,0
6,0
6,0
6,0
6,0
6,0
6,0
6,0
6,1
6,0
6,0
6,17
6,8
6,1
6,9
6,0
6,0
6,0
6,1
6,21
6,8
6,997
6,771
6,6
6,6
6,3
6,2
6,2
6,3
6,0
6,0
6,0
6,2
6,0
6,0
6,10
6,1
6,1
6,0
6,0
6,2
6,0
6,1
6,1
6,1
6,416
6,2
6,1
6,0
6,7
6,0
6,2
6,0
6,0
6,3
6,0
6,1
6,2879
6,0
6,0
6,0
6,0
6,0
6,0
6,0
6,2
6,6
6,0
6,2
6,0
6,0
6,0
6,2
6,0
6,7
6,0
6,0
6,0
6,0
6,0
6,1
6,0
6,1
6,0
6,0
6,2
6,0
6,1
6,32
6,131
6,1
6,1
6,1
6,2
6,0
6,0
6,0
6,1
6,1
6,0
6,0
6,38
6,55
6,2
6,0
6,0
6,1
6,0
6,0
6,0
6,0
6,0
6,0
6,21
6,4
6,4
6,15
6,27
6,144
6,6
6,9
6,6
6,422
6,20
6,3
6,13
6,3
6,0
6,3
6,11
6,14
6,1
6,34
6,68
6,5
6,3
6,5
6,6
6,1
6,24
6,0
6,0
6,0
6,0
6,0
6,0
6,0
6,1
6,1
6,225
6,56
6,98
6,1
6,73
6,50
6,17
6,20
6,1
6,3
6,7
6,13
6,26
6,5
7,15
7,17
7,0
7,9
7,25
7,5
7,22
7,28
7,0
7,0
7,0
7,1
7,20
7,35
7,11
7,0
7,5
7,0
7,13
7,2
7,707
7,15
7,47
7,6
7,81
7,84
7,23
7,53
7,0
7,9
7,62
7,117
7,18
7,1
7,42
7,11
7,3
7,110
7,55
7,1
7,646
7,2
7,10
7,0
7,5
7,1
7,0
7,0
7,1
7,0
7,0
7,80
7,6
7,6
7,0
7,0
7,37
7,0
7,0
7,0
7,457
7,43
7,119
7,0
7,0
7,0
7,0
7,0
7,0
7,2
7,2
7,0
7,41
7,0
7,2
7,0
7,0
7,14
7,13
7,47
7,1
7,43
7,0
7,32
7,9
7,161
7,2
7,5
7,85
7,7
7,0
7,1
7,22
7,2
7,1
7,199
7,67
7,0
7,0
7,6
7,105
7,1
7,0
7,0
7,0
7,8
7,1
7,1
7,84
7,1
7,0
7,0
7,0
7,0
7,2
7,0
7,0
7,0
7,2
7,27
7,2
7,0
7,11
7,1
7,2
7,0
7,21
7,0
7,212
7,1
7,729
7,36
7,176
7,0
7,2
7,12
7,20
7,40
7,5
7,1
7,15
7,9
7,19
7,14
7,0
7,80
7,2026
7,32
7,119
7,1023
7,1
7,0
7,5
7,4
7,29
7,0
7,0
7,0
7,0
7,8
7,8
7,1
7,16
7,0
7,7
7,12
7,219
7,11
7,41
7,0
7,1
7,16
7,0
7,1
7,0
7,0
7,17
7,12
7,8
7,17
7,0
7,475
7,37
7,49
7,4
7,96
7,0
7,0
7,15
7,8
7,0
7,0
7,0
7,0
7,0
7,0
7,0
7,0
7,0
7,12
7,26
7,10
7,1
7,2
7,3
7,17
7,47
7,20
7,0
7,0
7,0
7,1
7,0
7,17
7,76
7,0
7,0
7,49
7,3
7,1
7,0
7,3
7,1
7,63
7,37
7,5
7,12
7,45
7,13
7,3
7,5
7,6
7,0
7,8
7,6
7,5
7,0
7,28
7,5
7,548
7,47
7,1
7,37
7,8
7,9
7,7
7,3
7,1563
7,374
7,1
7,0
7,125
7,0
7,147
7,2
7,0
7,1
7,4
7,3
7,0
7,2
7,1
7,3
7,15
7,66
7,41
7,14
7,8
7,162
7,135
7,17
7,7
7,27
7,32
7,0
7,0
7,0
7,1
7,0
7,14
7,0
7,0
7,0
7,13
7,0
7,0
7,169
7,0
7,1
7,6
7,0
7,3
7,2
7,3
7,27
7,2
7,7
7,27
7,17
7,9
7,129
7,2
7,4
7,34
7,51
7,1
7,2
7,10
7,1
7,17
7,10
7,7
7,16
7,0
7,0
7,8
7,1
7,10
7,7
7,10
7,0
7,3
7,1
7,2
7,3
7,0
7,20
7,10
7,18
7,18
7,2
7,0
7,32
7,42
7,9
7,9
7,2
7,469
7,406
7,310
7,50
7,341
7,175
7,112
7,39
7,51
7,2
7,0
7,1
7,29
7,0
7,5
7,14
7,6
7,0
7,2
7,2
7,4
7,2
7,0
7,13
7,19
7,1
7,62
7,136
7,33
7,2
7,0
7,0
7,0
7,255
7,1
7,2
7,127
7,48
7,25
7,380
7,168
7,36
7,174
7,5
7,0
7,1
7,106
7,11
7,724
7,3
7,2
7,2
7,59
7,0
7,2
7,0
7,0
7,0
7,0
7,2
7,4
7,52
7,7
7,8
7,582
7,3
7,21
7,148
7,53
7,6
7,44
7,21
7,15
7,0
7,7
7,11
7,5
7,8
7,10
7,0
7,1
7,1
7,12
7,76
7,0
7,0
7,0
7,0
7,0
7,0
7,0
7,0
7,8
7,73
7,1342
7,25
7,44
7,46
7,36
7,6
7,228
7,21
7,4
7,8
7,7
7,0
7,3
7,2
7,1
7,16
7,48
7,2
7,0
7,1
7,41
7,1
7,31
7,1
7,6
7,0
7,26
7,0
7,1
7,2
7,32
7,3
7,0
7,13
7,4
7,0
7,219
7,16
7,1
7,1
7,32
7,32
7,13
7,16
7,10
7,16
7,11
7,9
7,26
7,39
7,2
7,17
7,7
7,0
7,4
7,0
7,13
7,4
7,6
7,21
7,2
7,2
7,1
7,2
7,20
7,198
7,0
7,20
7,23
7,14
7,1
7,13
7,0
7,5
7,1
7,4
7,11
7,17
7,20
7,15
7,15
7,21
7,5
7,79
7,104
7,0
7,0
7,0
7,23
7,4
7,18
7,2
7,8
7,51
7,134
7,0
7,0
7,0
7,0
7,0
7,0
7,0
7,0
7,0
7,0
7,0
7,0
7,0
7,17
7,6
7,1
7,231
7,4
7,92
7,158
7,19
7,4
7,5
7,5
7,20
7,3
7,0
7,0
7,1
7,14
7,12
7,216
7,45
7,12
7,232
7,6
7,3
7,257
7,0
7,6
7,3
7,1
7,3
7,3
7,9
7,3
7,2
7,0
7,0
7,0
7,6
7,2
7,9
7,46
7,0
7,0
7,4
7,1
7,202
7,0
7,0
7,19
7,22
7,16
7,3
7,15
7,15
7,3
7,2
7,0
7,12
7,5
7,0
7,0
7,0
7,2
7,0
7,1
7,0
7,11
7,6
7,2
7,5
7,5
7,9
7,1
7,0
7,11
7,3
7,5
7,1
7,0
7,0
7,0
7,0
7,0
7,1
7,133
7,43
7,0
7,0
7,0
7,0
7,0
7,4
7,10
7,14
7,2
7,11
7,4
7,111
7,40
7,9
7,0
7,7
7,4
7,3
7,4
7,11
7,0
7,8
7,5
7,3
7,1
7,3
7,0
7,7
7,0
7,14
7,11
7,4
7,8
7,5
7,4
7,10
7,0
7,0
7,0
7,0
7,0
7,12
7,1
7,0
7,0
7,0
7,0
7,0
7,0
7,0
7,0
7,0
7,0
7,0
7,367
7,15
7,0
7,0
7,0
7,0
7,0
7,0
7,0
7,0
7,0
7,0
7,0
7,0
7,0
7,0
7,9
7,26
7,1
7,0
7,1
7,3
7,4
7,2
7,40
7,4
7,3
7,12
7,7
7,22
7,10
7,91
7,0
7,0
7,8
7,0
7,0
7,0
7,0
7,1
7,9
7,2
7,239
7,97
7,11
7,3
7,0
7,65
7,0
7,0
7,0
7,1
7,5
7,5
7,4
7,46
7,2
7,1
7,32
7,32
7,18
7,48
7,117
7,6
7,29
7,43
7,38
7,35
7,28
7,3
7,46
7,58
7,56
7,35
7,11
7,41
7,61
7,19
7,23
7,64
7,36
7,19
7,11
7,2
7,60
7,61
7,4
7,45
7,0
7,1
7,0
7,0
7,1
7,1
7,33
7,758
7,6
7,6
7,255
7,1
7,1
7,5
7,58
7,40
7,0
7,0
7,0
7,9
7,6
7,0
7,4
7,59
7,1
7,30
7,286
7,225
7,1
7,6
7,0
7,16
7,11
7,7
7,32
7,12
7,10
7,30
7,3
7,0
7,27
7,28
7,28
7,21
7,33
7,0
7,0
7,0
7,0
7,9
7,25
7,7
7,61
7,808
7,9
7,41
7,168
7,0
7,0
7,0
7,0
7,30
7,30
7,8
7,2
7,1
7,0
7,1
7,14
7,100
7,68
7,0
7,1
7,57
7,0
7,0
7,231
7,1
7,19
7,1
7,5
7,2
7,1
7,2
7,3
7,0
7,1
7,25
7,11
7,0
7,2
7,1
7,34
7,59
7,107
7,3
7,6
7,8
7,13
7,49
7,263
7,16
7,6
7,3
7,0
7,0
7,0
7,0
7,0
7,0
7,0
7,16
7,10
7,9
7,3
7,12
7,51
7,44
7,0
7,34
7,1
7,0
7,0
7,5
7,0
7,0
7,0
7,0
7,0
7,32
7,0
7,46
7,10
7,3
7,21
7,0
7,4
7,3
7,22
7,18
7,19
7,5
7,202
7,8
7,0
7,1
7,0
7,4
7,2
7,6
7,13
7,7
7,15
7,13
7,32
7,498
7,26
7,8
8,0
8,0
8,13
8,15
8,0
8,0
8,0
8,0
8,0
8,0
8,0
8,0
8,5
8,0
8,4
8,159
8,127
8,342
8,0
8,0
8,0
8,0
8,15
8,0
8,4
8,4
8,85
8,14
8,0
8,0
8,33
8,4
8,3
8,24
8,0
8,0
8,8
8,1
8,19
8,0
8,31
8,26
8,0
8,2
8,10
8,52
8,32
8,0
8,0
8,0
8,0
8,0
8,0
8,186
8,1
8,0
8,0
8,1
8,0
8,26
8,6
8,260
8,7
8,0
8,0
8,0
8,0
8,0
8,2
8,19
8,0
8,4
8,33
8,0
8,0
8,0
8,0
8,5
8,5
8,0
8,0
8,0
8,0
8,0
8,0
8,22
8,10
8,53
8,1
8,31
8,14
8,73
8,78
8,38
8,3
8,73
8,13
8,7
8,9
8,8
8,118
8,5
8,0
8,0
8,0
8,40
8,10
8,5
8,2
8,19
8,5
8,22
8,17
8,0
8,0
8,3
8,7
8,0
8,8
8,1
8,9
8,0
8,3
8,30
8,0
8,1
8,0
8,0
8,0
8,0
8,20
8,14
8,206
8,0
8,1
8,4
8,0
8,1
8,0
8,791
8,16
8,0
8,0
8,8
8,10
8,13
8,18
8,14
8,17
8,1
8,0
8,37
8,145
8,10
8,18
8,3
8,11
8,29
8,5
8,151
8,5
8,9
8,2
8,20
8,5
8,16
8,0
8,0
8,0
8,0
8,0
8,0
8,40
8,6
8,25
8,3
8,11
8,11
8,0
8,27
8,1
8,0
8,4
8,2
8,5
8,6
8,2
8,727
8,0
8,73
8,0
8,4
8,0
8,0
8,4
8,13
8,7
8,0
8,0
8,0
8,0
8,49
8,6
8,0
8,166
8,12
8,0
8,24
8,5
8,0
8,3
8,8
8,20
8,2
8,0
8,2
8,1
8,7
8,0
8,2
8,13
8,195
8,74
8,4
8,58
8,5
8,36
8,333
8,8
8,0
8,3
8,140
8,36
8,0
8,73
8,0
8,17
8,19
8,1
8,25
8,227
8,18
8,11
8,17
8,51
8,3
8,14
8,3
8,2
8,0
8,10
8,4
8,42
8,0
8,118
8,43
8,55
8,0
8,0
8,0
8,0
8,79
8,27
8,4
8,149
8,6
8,62
8,1
8,2
8,44
8,2
8,1
8,1
8,2
8,1
8,26
8,122
8,0
8,8
8,15
8,1
8,1
8,5
8,4
8,10
8,15
8,5
8,0
8,6
8,0
8,0
8,0
8,0
8,41
8,10
8,930
8,1
8,0
8,0
8,0
8,0
8,0
8,1
8,279
8,17
8,48
8,0
8,0
8,0
8,0
8,9
8,6
8,9
8,1
8,56
8,8
8,49
8,7
8,0
8,2
8,2
8,11
8,8
8,31
8,2
8,10
8,10
8,6
8,15
8,17
8,1
8,8
8,1
8,5
8,5
8,7
8,8
8,9
8,3
8,14
8,39
8,41
8,38
8,11
8,6
8,0
8,30
8,7
8,20
8,59
8,8
8,49
8,1
8,99
8,50
8,51
8,58
8,94
8,63
8,7
8,10
8,144
8,1
8,0
8,5
8,3
8,16
8,6
8,3
8,0
8,0
8,31
8,19
8,3
8,28
8,5
8,9
8,10
8,56
8,17
8,55
8,35
8,0
8,1
8,41
8,616
8,41
8,14
8,14
8,1
8,18
8,25
8,2
8,4
8,0
8,0
8,121
8,12
8,14
8,6
8,1
8,1
8,2
8,175
8,60
8,8
8,51
8,26
8,0
8,0
8,0
8,0
8,0
8,0
8,0
8,0
8,0
8,0
8,0
8,0
8,58
8,41
8,38
8,196
8,50
8,1
8,1
8,1
8,3
8,0
8,7
8,77
8,8
8,0
8,13
8,20
8,16
8,60
8,76
8,0
8,3
8,2
8,3
8,2
8,1
8,2
8,12
8,0
8,4
8,1
8,0
8,3
8,0
8,53
8,32
8,7
8,18
8,8
8,2
8,12
8,7
8,2
8,3
8,5
8,2
8,18
8,103
8,23
8,1
8,1
8,3
8,3
8,13
8,35
8,6
8,3
8,6
8,1
8,17
8,0
8,0
8,55
8,135
8,121
8,3
8,23
8,38
8,11
8,0
8,1
8,7
8,101
8,1
8,5
8,92
8,58
8,365
8,0
8,17
8,8
8,4
8,47
8,199
8,89
8,1
8,1
8,0
8,0
8,2
8,13
8,18
8,6
8,0
8,4
8,0
8,0
8,3
8,36
8,3
8,14
8,28
8,164
8,1
8,15
8,0
8,21
8,1
8,3
8,1
8,3
8,2
8,2
8,9
8,10
8,0
8,82
8,244
8,5
8,2
8,0
8,0
8,0
8,0
8,0
8,0
8,0
8,8
8,1
8,1
8,13
8,19
8,15
8,9
8,4
8,0
8,14
8,0
8,0
8,8
8,26
8,16
8,1
8,0
8,0
8,0
8,0
8,0
8,0
8,0
8,0
8,0
8,0
8,87
8,0
8,21
8,0
8,0
8,10
8,50
8,436
8,19
8,10
8,10
8,3
8,3
8,7
8,8
8,59
8,1
8,13
8,6
8,260
8,3
8,3
8,13
8,66
8,29
8,12
8,1
8,14
8,9
8,30
8,3
8,1
8,693
8,34
8,5
8,41
8,1
8,1
8,19
8,0
8,3
8,1
8,3
8,10
8,13
8,0
8,0
8,0
8,0
8,724
8,7
8,0
8,6
8,0
8,0
8,0
8,0
8,4
8,8
8,0
8,0
8,0
8,6
8,6
8,7
8,0
8,0
8,1
8,4
8,0
8,2
8,14
8,0
8,0
8,0
8,0
8,0
8,0
8,3
8,3
8,4
8,9
8,2
8,1
8,3
8,3
8,5
8,3
8,11
8,0
8,0
8,1
8,0
8,0
8,0
8,0
8,26
8,0
8,5
8,2
8,1
8,4
8,43
8,27
8,0
8,8
8,2
8,0
8,3
8,6
8,0
8,0
8,42
8,0
8,22
8,3
8,5
8,8
8,8
8,6
8,0
8,0
8,80
8,0
8,0
8,1
8,0
8,0
8,0
8,0
8,0
8,0
8,0
8,6
8,13
8,2
8,0
8,94
8,126
8,290
8,75
8,83
8,0
8,0
8,0
8,0
8,0
8,0
8,0
8,0
8,0
8,0
8,0
8,0
8,0
8,0
8,0
8,8
8,3
8,3
8,2
8,7
8,0
8,7
8,19
8,14
8,12
8,0
8,3
8,42
8,94
8,103
8,5
8,5
8,120
8,188
8,9
8,0
8,33
8,50
8,0
8,6
8,7
8,1
8,0
8,822
8,12
8,16
8,37
8,21
8,5
8,21
8,6
8,45
8,47
8,81
8,49
8,47
8,5
8,24
8,39
8,14
8,921
8,4
8,114
8,0
8,0
8,0
8,0
8,2
8,0
8,0
8,18
8,7
8,1
8,38
8,115
8,1
8,0
8,29
8,41
8,34
8,0
8,2
8,13
8,35
8,0
8,79
8,4
8,0
8,167
8,9
8,1
8,27
8,5
8,12
8,52
8,4
8,43
8,9
8,45
8,0
8,1
8,2
8,15
8,8
8,9
8,5
8,57
8,9
8,8
8,11
8,22
8,8
8,73
8,1
8,1
8,2
8,1
8,0
8,1
8,5
8,37
8,9
8,7
8,12
8,0
8,1
8,7
8,2
8,0
8,24
8,152
8,17
8,14
8,16
8,72
8,0
8,20
8,0
8,0
8,2
8,2
8,0
8,0
8,0
8,24
8,0
8,0
8,25
8,0
8,6
8,113
8,47
8,218
8,11
8,0
8,27
8,0
8,0
8,0
8,0
8,0
8,0
8,0
8,25
8,7
8,0
8,30
8,276
8,9
8,27
8,0
8,1
8,1
8,0
8,0
8,2
8,0
8,11
8,7
8,16
8,40
8,25
8,37
8,122
8,0
8,0
8,0
8,0
8,0
8,0
8,0
8,0
8,8
8,260
8,22
8,9
8,3
8,1
8,2
8,46
8,1
8,1
8,0
8,0
8,0
8,0
8,0
8,0
8,0
8,0
8,0
8,45
8,12
8,0
8,41
8,7
8,4
8,5
8,10
8,0
8,10
8,9
8,9
8,4
8,30
8,68
8,2
8,12
8,0
8,1
8,1
8,10
8,3
8,8
8,18
8,10
8,17
8,19
8,3
8,7
8,12
8,17
8,109
8,12
8,0
8,44
8,0
8,0
8,0
8,0
8,5
8,3
8,2
8,0
8,1
8,420
8,476
8,617
8,306
8,531
8,8
8,11
8,0
8,92
8,11
8,11
8,72
8,0
8,0
8,31
8,3
8,8
8,19
8,11
8,4
8,103
8,0
8,38
8,23
8,13
8,13
8,2
8,0
8,3
8,9
8,75
8,35
8,34
8,11
8,2
8,0
8,0
8,0
8,0
8,0
8,0
8,0
8,0
8,0
8,0
8,0
8,0
8,0
8,13
8,5
8,1
8,0
8,0
8,0
8,0
8,0
8,0
8,0
8,0
8,0
8,0
8,0
8,13
8,0
8,36
8,22
8,250
8,22
8,6
8,156
8,437
8,75
8,23
8,2
8,3
8,30
8,1
8,3
8,444
8,4
8,3
8,2
8,10
8,12
8,18
8,1
8,18
8,32
8,3
8,34
8,2
8,5
8,17
8,0
8,4
8,74
8,116
8,4
8,4
8,47
8,9
8,0
8,9
8,32
8,41
8,4
8,9
8,6
8,6
8,4
8,12
8,10
8,18
8,8
8,0
8,0
8,0
8,0
8,0
8,2
8,86
9,0
9,0
9,23
9,24
9,0
9,145
9,118
9,37
9,15
9,20
9,2
9,0
9,8
9,3
9,6
9,3
9,2
9,0
9,4
9,15
9,4
9,7
9,0
9,0
9,0
9,6
9,0
9,5
9,2
9,455
9,2
9,53
9,0
9,11
9,39
9,0
9,23
9,0
9,3
9,77
9,350
9,1
9,6
9,194
9,0
9,0
9,0
9,0
9,0
9,0
9,18
9,0
9,3
9,0
9,0
9,2
9,0
9,1
9,0
9,0
9,0
9,1
9,15
9,13
9,14
9,5
9,13
9,18
9,1
9,0
9,0
9,0
9,1
10,0
10,0
10,0
10,12
10,5
10,27
10,22
10,104
10,1
10,38
10,1
10,4
10,0
10,0
10,0
10,0
10,2
10,0
10,1
10,1
10,0
10,11
10,32
10,9
10,2
10,0
10,1
10,1
10,23
10,15
10,0
10,0
10,0
10,0
10,7
10,10
10,1
10,0
10,1
10,441
10,11
10,118
10,19
10,2
10,0
10,0
10,0
10,661
10,20
10,19
10,11
10,4
10,1
10,2
10,3
10,0
10,6
10,209
10,0
10,50
10,0
10,0
10,0
10,0
10,0
10,4
10,0
10,0
10,0
10,0
10,0
10,0
10,4
10,1
10,4
10,0
10,0
10,19
10,3
10,0
10,0
10,0
10,0
10,5
10,0
10,3
10,3
10,0
10,0
10,5
10,0
10,0
10,23
10,3
10,13
10,5
10,73
10,109
10,4
10,7
10,0
10,15
10,77
10,45
10,5
10,7
10,0
10,0
10,5
10,0
10,0
10,0
10,0
10,0
10,0
10,10
10,0
10,8
10,0
10,1
10,4
10,12
10,13
10,5
10,0
10,4
10,0
10,21
10,0
10,7
10,5
10,1
10,14
10,8
10,0
10,0
10,24
10,3
10,1
10,4
10,252
10,2
10,19
10,2
10,6
10,2
10,3
10,8
10,5
10,28
10,0
10,0
10,0
10,5
10,0
10,49
10,31
10,22
10,27
10,5
10,12
10,54
10,0
10,0
10,0
10,0
10,1
10,2
10,4
10,4
10,9
10,3
10,0
10,6
10,0
10,0
10,43
10,0
10,0
10,0
10,9
10,287
10,0
10,85
10,41
10,3
10,2
10,4
10,4
10,86
10,90
10,4
10,382
10,99
10,0
10,9
10,2
10,4
10,10
10,5
10,1
10,2
10,1
10,18
10,25
10,41
10,10
10,11
10,41
10,31
10,0
10,74
10,30
10,0
10,11
10,0
10,192
10,1127
10,39
10,45
10,2
10,1
10,4
10,25
10,2
10,1
10,7
10,3
10,3
10,1
10,0
10,0
10,8
10,9
10,5
10,73
10,0
10,3
10,34
10,8
10,1
10,1
10,3
10,3
10,0
10,44
10,0
10,2
10,4
10,26
10,138
10,1
10,3
10,5
10,4
10,69
10,5
10,3
10,0
10,0
10,0
10,7
10,4
10,156
10,43
10,18
10,2
10,19
10,26
10,0
10,1
10,11
10,8
10,1
10,7
10,21
10,9
10,21
10,13
10,0
10,20
10,10
10,23
10,12
10,13
10,17
10,15
10,2
10,14
10,1
10,0
10,14
10,7
10,0
10,8
10,223
10,3
10,15
10,9
10,34
10,45
10,49
10,124
10,191
10,138
10,28
10,106
10,144
10,20
10,94
10,71
10,4
10,52
10,77
10,96
10,32
10,26
10,0
10,119
10,0
10,0
10,59
10,21
10,5
10,231
10,25
10,73
10,11
10,2
10,0
10,29
10,133
10,0
10,51
10,138
10,24
10,32
10,407
10,34
10,39
10,14
10,82
10,0
10,1
10,1
10,28
10,207
10,0
10,0
10,5
10,0
10,0
10,12
10,0
10,1
10,8
10,41
10,44
10,7
10,0
10,197
10,26
10,1
10,161
10,0
10,735
10,40
10,1
10,0
10,16
10,1
10,10
10,14
10,1
10,0
10,2
10,0
10,31
10,0
10,1
10,0
10,4
10,4
10,0
10,0
10,0
10,0
10,0
10,2
10,22
10,0
10,3
10,2
10,0
10,31
10,5
10,4
10,12
10,2
10,8
10,17
10,1
10,22
10,47
10,0
10,64
10,7
10,0
10,0
10,0
10,1
10,95
10,4634
10,399
10,2
10,0
10,0
10,0
10,0
10,10
10,3
10,18
10,29
10,42
10,16
10,2
10,2
10,2
10,7
10,6
10,0
10,13
10,6
10,12
10,215
10,63
10,2
10,1
10,5
10,19
10,4
10,0
10,0
10,12
10,7
10,2
10,0
10,0
10,0
10,3
10,0
10,0
10,0
10,0
10,0
10,0
10,0
10,12
10,9
10,3
10,32
10,2
10,0
10,1
10,7
10,4
10,121
10,1
10,17
10,10
10,5
10,0
10,0
10,0
10,0
10,0
10,107
10,69
10,53
10,0
10,31
10,422
10,0
10,0
10,0
10,0
10,2
10,14
10,20
10,11
10,5
10,6
10,43
10,0
10,0
10,3
10,1
10,2
10,0
10,45
10,10
10,9
10,24
10,4
10,10
10,3
10,34
10,0
10,6
10,0
10,6
10,0
10,1
10,0
10,0
10,0
10,0
10,0
10,0
10,6
10,59
10,0
10,17
10,37
10,9
10,2
10,168
10,0
10,18
10,0
10,26
10,4
10,2
10,15
10,0
10,12
10,3
10,2
10,6
10,0
10,26
10,0
10,9
10,6
10,0
10,0
10,0
10,13
10,0
10,0
10,0
10,0
10,0
10,0
10,2
10,44
10,4
10,5
10,11
10,9
10,7
10,10
10,12
10,0
10,4
10,0
10,0
10,0
10,36
10,18
10,8
10,7
10,0
10,0
10,8
10,8
10,0
10,3
10,4
10,3
10,0
10,0
10,0
10,11
10,39
10,11
10,21
10,21
10,39
10,30
10,12
10,8
10,3
10,8
10,6
10,11
10,0
10,7
10,10
10,7
10,0
10,9
10,3
10,6
10,9
10,9
10,9
10,6
10,4
10,0
10,0
10,0
10,0
10,0
10,0
10,10
10,7
10,0
10,0
10,0
10,0
10,0
10,0
10,0
10,0
10,0
10,3
10,0
10,9
10,919
10,144
10,28
10,9
10,11
10,5
10,0
10,0
10,0
10,0
10,0
10,0
10,0
10,0
10,70
10,8
10,56
10,10
10,5
10,6
10,0
10,5
10,2
10,2
10,2
10,5
10,0
10,5
10,0
10,1
10,0
10,21
10,10
10,14
10,13
10,5
10,0
10,0
10,722
10,62
10,13
10,127
10,7
10,0
10,13
10,50
10,13
10,5
10,0
10,0
10,0
10,152
10,30
10,3
10,17
10,14
10,0
10,0
10,9
10,5
10,3
10,0
10,14
10,630
10,1
10,8
10,432
10,8
10,2
10,18
10,16
10,1
10,1
10,21
10,33
10,46
10,25
10,78
10,53
10,46
10,44
10,50
10,4
10,1
10,61
10,102
10,0
10,0
10,0
10,0
10,2
10,2
10,0
10,0
10,0
10,0
10,3
10,2
10,6
10,22
10,37
10,26
10,2
10,3
10,28
10,91
10,34
10,14
10,104
10,10
10,41
10,43
10,0
10,0
10,0
10,3
10,0
10,81
10,3
10,8
10,64
10,0
10,1
10,2
10,0
10,0
10,8
10,57
10,6
10,12
10,23
10,87
10,1
10,3
10,1
10,3
10,1
10,23
10,6
10,198
10,84
10,6
10,1
10,0
10,159
10,2
10,0
10,39
10,33
10,140
10,0
10,44
10,33
10,1
10,12
10,38
10,189
10,2
10,6
10,5
10,0
10,0
10,0
10,1
10,1
10,0
10,1
10,4
10,0
10,16
10,2
10,14
10,0
10,0
10,213
10,13
10,2
10,93
10,3
10,0
10,2
10,116
10,41
10,8
10,216
10,0
10,5
10,0
10,0
10,4
10,84
10,17
10,0
10,80
10,1
10,2
10,0
10,2
10,3
10,1
10,2
10,1
10,4
10,29
10,9
10,11
10,3
10,4
10,27
10,12
10,1
10,44
10,42
10,18
10,0
10,1
10,2
10,0
10,0
10,0
10,17
10,244
10,11
10,19
10,139
10,286
10,0
10,0
10,0
10,0
10,0
10,0
10,0
10,0
10,1
10,0
10,4
10,9
10,4
10,5
10,0
10,40
10,9
10,1
10,61
10,30
10,5
10,130
10,348
10,37
10,3
10,6
10,1
10,0
10,2
10,11
10,2
10,52
10,5
10,0
10,0
10,9
10,13
10,48
10,89
10,27
10,18
10,19
10,4
10,5
10,0
10,4
10,18
10,0
10,56
10,4
10,0
10,311
10,105
10,544
10,211
10,5
10,0
10,2
10,0
10,229
10,14
10,0
10,1
10,12
10,16
10,3
10,632
10,21
10,27
10,0
10,0
10,0
10,0
10,0
10,0
10,0
10,0
10,0
10,0
10,0
10,0
10,10
10,0
10,0
10,0
10,0
10,97
10,0
10,0
10,0
10,0
10,3
10,5
10,2
10,22
10,13
10,0
10,0
10,73
10,170
10,357
10,6
10,2
10,4
10,2
10,55
10,20
10,5
10,17
10,44
10,0
10,26
10,48
10,0
10,14
10,4
10,6
10,5
10,15
10,1
10,8
10,1
10,0
10,0
10,3
10,16
10,6
10,36
10,26
10,0
10,0
10,2
10,6
10,0
10,0
10,6
10,13
10,2
10,0
10,0
10,0
10,0
10,12
10,17
10,4
10,25
10,204
10,0
10,1
10,0
10,5
10,0
10,0
10,0
10,0
10,0
10,0
10,0
10,0
10,0
10,1
10,3
10,3
10,20
10,19
10,17
10,31
10,6
10,0
10,81
10,0
10,0
10,0
10,7
10,0
10,5
10,0
10,179
10,124
10,2
10,3
10,0
10,0
10,63
10,23
10,41
10,9
10,33
10,191
10,0
10,1
10,0
10,0
10,3
10,2
10,0
10,299
10,12
10,0
10,33
10,10
10,0
10,3
10,2
10,7
10,1585
10,3
10,0
10,0
10,18
10,6
10,0
10,0
10,0
10,0
10,292
10,185
10,13
10,0
10,29
10,12
10,292
10,1
10,31
10,0
10,1
10,10
10,928
10,25
10,0
10,0
10,5
10,0
10,0
10,0
10,0
10,16
10,4
10,17
10,8
10,3
10,3
10,0
10,17
10,2
10,104
10,91
10,46
10,29
10,24
10,13
10,61
10,96
10,0
10,38
10,2
10,1
10,2
10,0
10,0
10,19
10,4
10,11
10,1
10,1
10,1
10,0
10,5
10,1
10,0
10,1
10,19
10,6
10,40
10,30
10,0
10,1
10,178
10,1
10,20
10,0
10,5
10,0
10,0
10,1
10,11
10,22
10,14
10,15
10,45
10,0
10,49
10,6
10,1
10,14
10,71
10,96
10,24
10,29
10,6
10,125
10,89
10,6
10,15
10,0
10,2
10,0
10,0
10,0
10,0
10,14
10,0
10,14
10,12
10,0
10,0
10,5
10,14
10,10
10,1
10,6
10,7
10,40
10,0
10,184
10,20
10,416
10,2
10,0
10,112
10,3
10,19
10,4
10,20
10,2
10,1
10,2
10,1
10,0
10,1
10,0
10,1
10,1
10,5
10,1
10,0
10,26
10,4
10,1
10,2
10,166
10,4
10,101
10,1
10,4
10,2
10,0
10,0
10,1
10,128
10,17
10,10
10,4
10,2
10,13
10,3
10,7
10,6
10,7
10,11
10,8
10,1
10,7
10,0
10,0
10,50
10,0
10,0
10,0
10,8
10,14
10,6
10,7
10,2
10,11
10,4
10,424
10,1
10,57
10,145
10,2
10,5
10,0
10,69
10,3
10,0
10,0
10,0
10,0
10,0
10,0
10,7
10,33
10,3
10,5
10,15
10,1
10,1
10,11
10,0
10,23
10,0
10,10
10,27
10,11
10,28
10,28
10,10
10,6
10,22
10,18
10,8
10,0
10,16
10,1
10,9
10,0
10,65
10,55
10,23
10,0
10,216
10,138
10,22
10,1
10,0
10,6
10,11
10,6
10,13
10,2
10,5
10,36
10,28
10,36
10,7
10,13
10,0
10,0
10,25
10,18
10,2
10,0
10,1
10,22
10,95
10,0
10,95
10,88
10,87
10,0
10,75
10,3
10,0
10,11
10,13
10,39
10,28
10,0
10,18
10,19
10,50
10,0
10,1
10,4
10,0
10,0
10,2
10,8
10,3
10,4
10,253
10,26
10,2
10,24
10,698
10,5
10,1
10,1
10,18
10,11
10,1
10,49
10,13
10,92
10,0
10,2
10,1
10,1
10,26
10,0
10,0
10,0
10,0
10,0
10,0
10,0
10,0
10,15
10,0
10,0
10,0
10,0
10,1216
10,4
10,42
10,7
10,15
10,27
10,1
10,4
10,1
10,10
10,1
10,3
10,0
11,0
11,5
11,28
11,23
11,100
11,0
11,3
11,0
11,4
11,1
11,1195
11,12
11,0
11,0
11,0
11,0
11,0
11,4
11,416
11,0
11,0
11,0
11,0
11,0
11,0
11,0
11,0
11,10
11,108
11,58
11,0
11,31
11,271
11,494
11,2
11,6
11,1
11,0
11,6
11,6
11,1
11,68
11,11
11,0
11,24
11,2
11,13
11,6
11,0
11,0
11,1
11,226
11,1
11,0
11,0
11,8
11,2
11,58
11,0
11,0
11,1
11,0
11,1
11,0
11,1
11,0
11,0
11,0
11,0
11,0
11,45
11,76
11,2
11,0
11,0
11,3
11,0
11,0
11,6
11,2
11,16
11,0
11,0
11,0
11,0
11,0
11,0
11,0
11,0
11,0
11,0
11,1
11,0
11,0
11,7
11,14
11,16
11,0
11,2
11,10
11,0
11,23
11,0
11,9
11,1
11,0
11,47
11,0
11,11
11,3
11,4
11,0
11,0
11,9
11,6
11,324
11,0
11,5
11,10
11,4
11,0
11,0
11,0
11,3
11,0
11,0
11,0
11,6
11,0
11,5
11,0
11,9
11,0
11,1
11,124
11,3
11,4
11,0
11,2
11,1
11,0
11,10
11,3
11,2
11,1
11,0
11,1
11,9
11,1
11,20
11,0
11,57
11,52
11,2
11,16
11,1
11,4
11,45
11,8
11,25
11,1
11,0
11,3
11,4
11,6
11,2
11,8
11,5
11,0
11,0
11,0
11,0
11,3
11,5
11,105
11,0
11,1
11,1
11,2
11,13
11,0
11,0
11,0
11,0
11,0
11,0
11,0
11,5
11,0
11,1
11,3
11,0
11,0
11,0
11,0
11,0
11,0
11,35
11,9
11,12
11,15
11,3
11,14
11,38
11,4
11,14
11,0
11,1
11,7
11,1
11,0
11,0
11,8
11,19
11,21
11,5
11,4
11,0
11,1
11,1
11,0
11,1
11,0
11,0
11,0
11,1
11,130
11,12
11,3
11,22
11,2
11,20
11,1
11,32
11,206
11,29
11,5
11,384
11,0
11,1
11,121
11,3
11,117
11,28
11,4
11,37
11,7
11,8
11,19
11,132
11,4
11,0
11,1
11,0
11,74
11,113
11,10
11,0
11,0
11,2
11,60
11,5
11,0
11,2
11,13
11,74
11,1
11,3
11,1
11,0
11,2305
11,30
11,0
11,33
11,26
11,28
11,13
11,12
11,8
11,1
11,0
11,0
11,0
11,15
11,352
11,0
11,2
11,151
11,9
11,4
11,26
11,0
11,0
11,0
11,0
11,32
11,1
11,1
11,4
11,10
11,71
11,1
11,4
11,2
11,0
11,29
11,22
11,3
11,12
11,20
11,15
11,3
11,1
11,4
11,1
11,6
11,8
11,8
11,12
11,6
11,0
11,0
11,2
11,3
11,13
11,155
11,55
11,184
11,6
11,16
11,1
11,16
11,0
11,1
11,1
11,41
11,0
11,47
11,5
11,72
11,36
11,115
11,48
11,87
11,13
11,38
11,1
11,18
11,1
11,8
11,4
11,0
11,1
11,44
11,2
11,0
11,1
11,0
11,24
11,6
11,2
11,36
11,2
11,20
11,4
11,0
11,27
11,30
11,27
11,109
11,55
11,1
11,45
11,3
11,0
11,7
11,0
11,0
11,0
11,0
11,0
11,0
11,0
11,0
11,53
11,0
11,0
11,12
11,45
11,1
11,2
11,6
11,2
11,3
11,3
11,97
11,27
11,7
11,22
11,2
11,27
11,14
11,3
11,4
11,1
11,0
11,2
11,30
11,3
11,0
11,0
11,8
11,0
11,0
11,53
11,2
11,0
11,0
11,6
11,35
11,13
11,21
11,22
11,1
11,3
11,5
11,9
11,17
11,6
11,0
11,19
11,0
11,12
11,9
11,5
11,6
11,2
11,27
11,0
11,14
11,13
11,67
11,84
11,5
11,2
11,0
11,0
11,23
11,11
11,2
11,75
11,14
11,0
11,4
11,0
11,0
11,21
11,40
11,71
11,12
11,10
11,4
11,3
11,0
11,36
11,1
11,5
11,3
11,3
11,4
11,4
11,6
11,18
11,1
11,4
11,0
11,0
11,0
11,5
11,11
11,69
11,45
11,3
11,1
11,2
11,2
11,2
11,0
11,0
11,1
11,8
11,0
11,9
11,7
11,3
11,5
11,2
11,1
11,0
11,0
11,0
11,18
11,2
11,0
11,3
11,0
11,0
11,0
11,0
11,0
11,0
11,0
11,0
11,11
11,2
11,1
11,0
11,0
11,1
11,0
11,62
11,1
11,0
11,6
11,4
11,2
11,11
11,0
11,0
11,0
11,0
11,2
11,2
11,12
11,22
11,4
11,2
11,18
11,477
11,0
11,24
11,21
11,5
11,1
11,0
11,6
11,8
11,4
11,8
11,0
11,4
11,5
11,4
11,0
11,18
11,9
11,1
11,0
11,0
11,0
11,30
11,1
11,8
11,6
11,7
11,6
11,0
11,0
11,0
11,0
11,0
11,0
11,0
11,0
11,0
11,5
11,4
11,2
11,2
11,8
11,5
11,2
11,9
11,0
11,4
11,32
11,3
11,0
11,8
11,66
11,65
11,0
11,0
11,0
11,0
11,5
11,4
11,0
11,0
11,0
11,0
11,11
11,3
11,6
11,2
11,5
11,11
11,7
11,11
11,2
11,4
11,2
11,0
11,0
11,0
11,0
11,14
11,17
11,12
11,66
11,76
11,13
11,12
11,13
11,38
11,6
11,0
11,1
11,83
11,0
11,3
11,8
11,4
11,7
11,10
11,6
11,0
11,2
11,38
11,4
11,0
11,0
11,3
11,10
11,7
11,1
11,0
11,7
11,0
11,9
11,2
11,4
11,8
11,5
11,5
11,2
11,2
11,6
11,0
11,0
11,1
11,19
11,10
11,20
11,0
11,0
11,0
11,0
11,1
11,0
11,0
11,0
11,0
11,0
11,0
11,3
11,7
11,26
11,5
11,25
11,0
11,0
11,0
11,0
11,0
11,0
11,0
11,1
11,1
11,0
11,0
11,0
11,0
11,0
11,0
11,0
11,3
11,1
11,2
11,89
11,4
11,2
11,0
11,18
11,8
11,8
11,14
11,0
11,1
11,2
11,13
11,0
11,25
11,16
11,10
11,1
11,0
11,0
11,4
11,0
11,11
11,15
11,0
11,0
11,0
11,5
11,1
11,1
11,0
11,210
11,29
11,0
11,4
11,5
11,6
11,2
11,31
11,12
11,25
11,20
11,41
11,2
11,36
11,5
11,29
11,7
11,49
11,10
11,46
11,40
11,10
11,46
11,21
11,2
11,2
11,1
11,13
11,1
11,3
11,0
11,3
11,2
11,13
11,11
11,5
11,29
11,14
11,3
11,64
11,0
11,0
11,2
11,4
11,27
11,17
11,8
11,58
11,5
11,1
11,98
11,2
11,2
11,20
11,5
11,6
11,8
11,13
11,32
11,0
11,6
11,0
11,1
11,4
11,1
11,3
11,0
11,32
11,1
11,12
11,14
11,0
11,25
11,0
11,0
11,1
11,265
11,13
11,15
11,0
11,7
11,1
11,0
11,0
11,25
11,0
11,0
11,729
11,1
11,1
11,1
11,1
11,7
11,0
11,1
11,4
11,0
11,3
11,13
11,15
11,8
11,796
11,44
11,12
11,4
11,0
11,0
11,19
11,34
11,1
11,0
11,0
11,43
11,0
11,7
11,0
11,0
11,205
11,0
11,6
11,22
11,22
11,11
11,0
11,64
11,6
11,0
11,27
11,0
11,15
11,0
11,0
11,31
11,43
11,0
11,47
11,13
11,10
11,7
11,1
11,1
11,2
11,1
11,1
11,1
11,5
11,1
11,11
11,1
11,5
11,1
11,2
11,29
11,6
11,39
11,1
11,1
11,0
11,5
11,0
11,0
11,0
11,0
11,0
11,0
11,38
11,3
11,6
11,164
11,13
11,89
11,58
11,17
11,1
11,1
11,3
11,0
11,0
11,15
11,1
11,1
11,1
11,0
11,0
11,0
11,0
11,0
11,0
11,0
11,79
11,81
11,10
11,13
11,8
11,5
11,3
11,23
11,0
11,17
11,0
11,28
11,3
11,7
11,10
11,4
11,50
11,7
11,16
11,7
11,44
11,154
11,0
11,0
11,0
11,4
11,1
11,7
11,0
11,25
11,287
11,12
11,7
11,25
11,56
11,1062
11,0
11,0
11,0
11,0
11,20
11,193
11,99
11,3
11,1
11,173
11,43
11,0
11,0
11,3
11,12
11,25
11,34
11,8
11,60
11,11
11,3
11,0
11,0
11,0
11,9
11,61
11,34
11,8
11,57
11,21
11,147
11,11
11,6
11,0
11,0
11,0
11,0
11,0
11,0
11,1
11,0
11,0
11,0
11,5
11,0
11,18
11,0
11,12
11,0
11,0
11,0
11,0
11,0
11,0
11,0
11,3
11,0
11,21
11,3
11,5
11,1
11,17
11,4
11,0
11,62
11,7
11,0
11,807
11,63
11,41
11,8
11,11
11,11
11,26
11,28
11,4
11,14
11,0
11,45
11,0
11,1
11,0
11,38
11,11
11,4
11,2
11,18
11,4
11,16
11,0
11,0
11,5
11,0
11,6
11,0
11,0
11,173
11,2
11,16
11,3
11,2
11,0
11,0
11,19
11,11
11,10
11,8
11,32
11,0
11,3
11,11
11,0
11,0
11,3
11,10
11,0
11,0
11,1
11,24
11,0
11,5
11,29
11,75
11,0
11,5
11,0
11,0
11,0
11,0
11,4
11,40
11,1
11,32
11,0
11,0
11,9
11,67
11,110
11,3
11,3
11,4
11,11
11,1
11,95
11,0
11,0
11,15
11,0
11,149
11,1
11,37
11,61
11,13
11,0
11,0
11,0
11,3
11,0
11,0
11,3
11,6
11,112
11,12
11,18
11,2
11,9
11,145
11,26
11,0
11,0
11,0
11,0
11,0
11,0
11,147
11,22
11,37
11,43
11,0
11,0
11,0
11,1
11,2
11,5
11,13
11,3
11,11
11,0
11,0
11,23
11,56
11,1
11,679
11,1
11,10
11,98
11,5
11,0
11,2
11,2
11,27
11,54
11,0
11,0
11,30
11,2
11,8
11,2
11,0
11,269
11,0
11,35
11,243
11,23
11,32
11,83
11,88
11,20
11,5
11,0
11,1
11,1
11,3
11,13
11,0
11,28
11,213
11,674
11,2
11,2
11,0
11,0
11,0
11,0
11,3
11,1
11,1
11,20
11,0
11,2
11,66
11,0
11,0
11,0
11,97
11,45
11,2
11,4
11,1
11,41
11,23
11,201
11,0
11,0
11,2
11,0
11,0
11,13
11,14
11,1
11,0
11,8
11,8
11,0
11,0
11,0
11,0
11,0
11,0
11,0
11,718
11,45
11,15
11,8
11,12
11,0
11,22
11,3
11,1
11,1
11,3
11,1
11,0
11,2
11,3
11,1
11,0
11,11
11,32
11,96
11,13
11,102
11,9
11,17
11,28
11,0
11,1
11,3
11,3
11,0
11,6
11,148
11,30
11,1
11,13
11,1
11,4
11,2
11,12
11,0
11,16
11,123
11,4
11,8
11,5
11,0
11,0
11,1
11,0
11,0
11,0
11,4
11,0
11,54
11,34
11,1
11,0
11,0
11,22
11,14
11,4
11,5
11,3
11,2
11,4
11,0
11,4
11,3
11,18
11,422
11,2
11,12
11,1
11,21
11,23
11,22
11,20
11,2
11,9
11,32
11,55
11,1
11,3
11,7
11,2
11,10
11,1
11,2
11,0
11,0
11,0
11,0
11,0
11,0
11,0
11,0
11,16
11,2
11,9
11,18
11,36
11,5
11,3
11,4
11,11
11,14
11,64
11,48
11,19
11,10
11,660
11,22
11,12
11,16
11,27
11,6
11,0
11,0
11,0
11,0
11,0
11,10
11,8
11,0
11,31
11,0
11,0
11,0
11,0
11,0
11,85
11,15
11,11
11,26
11,8
11,14
11,11
11,13
11,31
11,137
11,6
11,13
11,2
11,1
11,13
11,24
11,17
11,4
11,0
11,0
11,0
11,33
11,11
11,12
11,5
11,2
11,0
11,8
11,8
11,170
11,9
11,3
11,6
11,19
11,1
11,2
11,41
11,51
11,22
11,21
11,5
11,20
11,4
11,2
11,3
11,25
11,15
11,9
11,10
11,186
11,5
11,0
11,2
11,8
11,16
11,0
11,135
11,16
11,10
11,23
11,6
11,109
11,18
11,0
11,51
11,0
11,5
11,2
11,1
11,19
11,0
11,2
11,25
11,52
11,1
11,5
11,13
11,32
11,4
11,42
11,6
11,2
11,3
11,2
11,2
11,531
11,0
11,30
11,6
11,0
11,1
11,2
11,2
11,0
11,0
11,0
11,0
11,0
11,1
11,12
11,0
11,0
11,5
11,0
12,104
12,0
12,0
12,42
12,1
12,0
12,0
12,23
12,9
12,39
12,5
12,13
12,8
12,2
12,5
12,0
12,2
12,0
12,0
12,0
12,0
12,1
12,0
12,0
12,41
12,47
12,24
12,0
12,33
12,2
12,0
12,0
12,3
12,0
12,15
12,60
12,44
12,462
12,13
12,8
12,279
12,33
12,29
12,1
12,1
12,27
12,2
12,4
12,0
12,0
12,0
12,0
12,0
12,0
12,0
12,36
12,46
12,6
12,49
12,5
12,0
12,3
12,410
12,1
12,1
12,2
12,13
12,5
12,130
12,6
12,1
12,1
12,0
12,30
12,11
12,12
12,169
12,0
12,0
12,0
12,697
12,3
12,5
12,3
12,4
12,11
12,10
12,2
12,3
12,0
12,0
12,2
12,0
12,0
12,0
12,0
12,0
12,9
12,13
12,5
12,0
12,6
12,6
12,0
12,5
12,0
12,0
12,8
12,8
12,0
12,5
12,1
12,5
12,15
12,76
12,26
12,0
12,0
12,1
12,0
12,0
12,1
12,2
12,0
12,2
12,0
12,5
12,0
12,5
12,1
12,0
12,0
12,2
12,1
12,10
12,0
12,2
12,0
12,0
12,44
12,4
12,0
12,0
12,0
12,0
12,62
12,19
12,8
12,37
12,6
12,9
12,2
12,2
12,43
12,0
12,5
12,35
12,0
12,3
12,1
12,2
12,61
12,0
12,0
12,4
12,0
12,23
12,0
12,0
12,0
12,0
12,0
12,0
12,93
12,251
12,10
12,0
12,1
12,1
12,4
12,0
12,0
12,6
12,21
12,31
12,8
12,0
12,1
12,0
12,6
12,0
12,0
12,0
12,0
12,1
12,1
12,11
12,13
12,5
12,8
12,0
12,3
12,33
12,16
12,24
12,0
12,0
12,0
12,0
12,0
12,0
12,1
12,14
12,1
12,234
12,28
12,5315
12,54
12,0
12,0
12,0
12,0
12,0
12,8
12,0
12,142
12,13
12,6
12,11
12,66
12,0
12,0
12,0
12,0
12,83
12,4
12,1
12,0
12,16
12,6
12,3
12,0
12,12
12,1
12,3
12,16
12,7
12,2
12,2
12,3
12,63
12,21
12,58
12,6
12,16
12,0
12,1
12,0
12,160
12,13
12,60
12,18
12,11
12,1699
12,0
12,0
12,1
12,12
12,59
12,528
12,0
12,0
12,4
12,3
12,1
12,5
12,2
12,3
12,4
12,4
12,25
12,47
12,30
12,1
12,0
12,0
12,0
12,2
12,53
12,481
12,8
12,105
12,12
12,0
12,0
12,6
12,2
12,4
12,2
12,2
12,36
12,0
12,1
12,312
12,4
12,16
12,18
12,5
12,14
12,3
12,98
12,5
12,0
12,2
12,0
12,0
12,0
12,0
12,161
12,0
12,0
12,0
12,0
12,24
12,37
12,368
12,211
12,7
12,32
12,0
12,0
12,0
12,6
12,10
12,34
12,1
12,20
12,0
12,0
12,5
12,8
12,0
12,0
12,15
12,13
12,11
12,12
12,5
12,5
12,3
12,18
12,0
12,7
12,2
12,0
12,0
12,0
12,68
12,58
12,32
12,22
12,20
12,40
12,81
12,132
12,61
12,35
12,53
12,13
12,3
12,1
12,0
12,0
12,5
12,40
12,1
12,0
12,184
12,5
12,3
12,6
12,38
12,31
12,0
12,0
12,63
12,164
12,0
12,8
12,8
12,251
12,12
12,120
12,13
12,18
12,0
12,13
12,14
12,0
12,0
12,0
12,0
12,0
12,0
12,1
12,0
12,1
12,0
12,0
12,159
12,93
12,22
12,202
12,133
12,35
12,10
12,0
12,0
12,11
12,5
12,1
12,9
12,36
12,0
12,2
12,2
12,2
12,149
12,6
12,1
12,0
12,0
12,0
12,954
12,0
12,0
12,0
12,0
12,14
12,20
12,2
12,36
12,1
12,35
12,68
12,2
12,0
12,0
12,5
12,14
12,7
12,0
12,565
12,13
12,5
12,1
12,14
12,1
12,10
12,7
12,10
12,1
12,1
12,7
12,29
12,3
12,8
12,0
12,73
12,83
12,1
12,7
12,892
12,18
12,0
12,23
12,0
12,0
12,0
12,1
12,8
12,12
12,0
12,3
12,2
12,10
12,9
12,15
12,20
12,18
12,1985
12,5
12,2
12,31
12,10
12,2
12,4
12,6
12,5
12,0
12,0
12,1
12,2
12,29
12,2
12,0
12,13
12,3
12,15
12,2
12,225
12,0
12,4
12,4
12,5
12,3
12,3
12,3
12,3
12,0
12,6
12,4
12,7
12,44
12,14
12,6
12,2
12,1
12,2
12,1
12,0
12,4
12,4
12,0
12,0
12,8
12,0
12,0
12,29
12,1
12,68
12,26
12,2
12,2
12,0
12,0
12,0
12,5
12,1
12,4
12,9
12,1
12,4
12,8
12,24
12,0
12,22
12,0
12,12
12,0
12,0
12,0
12,0
12,0
12,0
12,0
12,0
12,0
12,3
12,0
12,0
12,0
12,35
12,0
12,14
12,13
12,10
12,8
12,0
12,0
12,2
12,1
12,0
12,22
12,5
12,141
12,61
12,10
12,0
12,0
12,0
12,5
12,5
12,2
12,1
12,70
12,49
12,0
12,10
12,0
12,3
12,3
12,6
12,5
12,3
12,95
12,76
12,0
12,0
12,0
12,0
12,0
12,0
12,0
12,5
12,5
12,1
12,1
12,9
12,7
12,0
12,0
12,0
12,22
12,0
12,8
12,7
12,4
12,6
12,3
12,1
12,5
12,0
12,1
12,0
12,0
12,0
12,5
12,0
12,5
12,0
12,0
12,0
12,17
12,13
12,9
12,10
12,6
12,2
12,3
12,10
12,0
12,3
12,0
12,0
12,0
12,0
12,2
12,0
12,12
12,12
12,0
12,2
12,2
12,3
12,0
12,1
12,0
12,6
12,0
12,6
12,7
12,2
12,3
12,9
12,5
12,10
12,11
12,2
12,1
12,0
12,0
12,0
12,6
12,19
12,5
12,25
12,10
12,12
12,10
12,0
12,0
12,0
12,1
12,0
12,0
12,0
12,12
12,6
12,0
12,5
12,0
12,0
12,1
12,1
12,10
12,5
12,5
12,7
12,5
12,2
12,10
12,10
12,8
12,11
12,7
12,0
12,0
12,0
12,0
12,6
12,2
12,4
12,5
12,4
12,0
12,0
12,0
12,0
12,16
12,0
12,2
12,0
12,11
12,4
12,3
12,94
12,250
12,198
12,708
12,734
12,19
12,30
12,4
12,0
12,0
12,0
12,0
12,0
12,0
12,1
12,0
12,0
12,0
12,0
12,0
12,0
12,2
12,11
12,9
12,11
12,18
12,0
12,0
12,0
12,4
12,4
12,15
12,11
12,9
12,4
12,5
12,9
12,0
12,28
12,81
12,0
12,69
12,0
12,0
12,15
12,0
12,11
12,0
12,128
12,0
12,0
12,16
12,29
12,263
12,12
12,51
12,18
12,0
12,0
12,6
12,7
12,0
12,329
12,93
12,1
12,3
12,14
12,7
12,49
12,46
12,21
12,34
12,41
12,18
12,27
12,30
12,31
12,69
12,24
12,6
12,2
12,1
12,51
12,21
12,218
12,5
12,22
12,15
12,5
12,0
12,0
12,1
12,2
12,0
12,0
12,2
12,47
12,37
12,24
12,13
12,181
12,78
12,0
12,3
12,0
12,0
12,63
12,1
12,29
12,0
12,0
12,0
12,0
12,0
12,33
12,303
12,1
12,11
12,426
12,1
12,0
12,50
12,6
12,12
12,10
12,5
12,9
12,11
12,27
12,45
12,14
12,9
12,12
12,38
12,68
12,0
12,0
12,6
12,5
12,2
12,0
12,1
12,1
12,0
12,175
12,1
12,88
12,98
12,16
12,7
12,0
12,0
12,0
12,0
12,171
12,0
12,0
12,25
12,221
12,4
12,1
12,3
12,1
12,9
12,0
12,3
12,16
12,0
12,0
12,9
12,8
12,7
12,0
12,0
12,0
12,0
12,11
12,2
12,13
12,39
12,2
12,0
12,1
12,0
12,0
12,15
12,64
12,4
12,1
12,9
12,1
12,4
12,2
12,0
12,3
12,6
12,0
12,5
12,1
12,3
12,7
12,13
12,1
12,0
12,0
12,16
12,38
12,2
12,7
12,2
12,0
12,0
12,0
12,0
12,9
12,3
12,6
12,7
12,86
12,1967
12,6
12,0
12,0
12,0
12,0
12,0
12,0
12,0
12,0
12,0
12,0
12,0
12,0
12,38
12,21
12,7
12,0
12,4
12,3
12,8
12,25
12,64
12,4
12,36
12,26
12,15
12,3
12,3
12,2
12,1
12,15
12,6
12,5
12,8
12,3
12,0
12,0
12,0
12,0
12,5
12,2
12,1
12,0
12,2
12,11
12,19
12,410
12,2
12,6
12,0
12,26
12,13
12,0
12,39
12,11
12,29
12,0
12,0
12,36
12,0
12,0
12,1
12,35
12,8
12,24
12,3
12,71
12,31
12,16
12,109
12,24
12,41
12,21
12,0
12,42
12,28
12,9
12,0
12,10
12,1
12,21
12,20
12,4
12,0
12,0
12,0
12,0
12,0
12,8
12,0
12,0
12,2
12,0
12,0
12,0
12,0
12,42
12,0
12,13
12,5
12,0
12,0
12,0
12,0
12,0
12,31
12,0
12,0
12,0
12,0
12,2
12,32
12,9
12,5
12,84
12,16
12,17
12,62
12,0
12,203
12,2
12,151
12,1
12,25
12,68
12,1
12,2
12,200
12,26
12,4
12,35
12,10
12,0
12,1
12,0
12,2
12,11
12,0
12,0
12,10
12,3
12,17
12,0
12,0
12,1
12,23
12,5
12,0
12,46
12,3
12,5
12,30
12,29
12,7
12,1
12,0
12,3
12,24
12,11
12,3
12,4
12,4
12,2
12,5
12,5
12,25
12,0
12,1
12,0
12,0
12,0
12,0
12,0
12,0
12,0
12,4
12,8
12,147
12,825
12,69
12,49
12,3
12,12
12,46
12,7
12,1
12,0
12,0
12,0
12,74
12,0
12,0
12,0
12,0
12,351
12,47
12,22
12,0
12,117
12,5
12,10
12,29
12,4
12,15
12,226
12,313
12,0
12,27
12,63
12,206
12,1
12,20
12,17
12,11
12,13
12,204
12,1
12,30
12,24
12,42
12,10
12,303
12,634
12,1
12,3
12,27
12,22
12,1
12,23
12,0
12,4
12,77
12,29
12,129
12,1
12,23
12,13
12,0
12,2
12,38
12,0
12,0
12,0
12,0
12,3
12,0
12,2
12,0
12,619
12,115
12,78
12,24
12,0
12,102
12,1
12,14
12,14
12,2
12,1
12,0
12,3
12,0
12,6
12,0
12,13
12,1
12,8
12,11
12,18
12,0
12,0
12,0
12,0
12,0
12,0
12,48
12,5
12,22
12,78
12,20
12,120
12,33
12,13
12,0
12,75
12,7
12,116
12,13
12,1
12,0
12,1
12,23
12,38
12,1
12,0
12,0
12,0
12,0
12,1
12,3
12,1
12,1
12,1
12,1
12,1
12,42
12,0
12,4
12,29
12,0
12,2
12,0
12,3
12,1
12,3
12,4
12,5
12,10
12,17
12,16
12,1
12,0
12,0
12,20
12,0
12,0
12,0
12,11
12,3
12,4
12,1
12,23
12,0
12,0
12,21
12,389
12,28
12,25
12,10
12,0
12,3
12,32
12,44
12,53
12,17
12,0
12,0
12,0
12,0
12,0
12,0
12,0
12,0
12,2
12,2
12,0
12,15
12,6
12,15
12,13
12,49
12,20
12,1
12,9
12,6
12,8
12,84
12,19
12,13
12,0
12,11
12,22
12,1
12,2
12,12
12,1
12,58
12,1
12,42
12,14
12,9
12,7
12,5
12,15
12,11
12,4
12,0
12,0
12,0
12,1
12,0
12,0
12,0
12,0
12,0
12,0
12,0
12,0
12,2
12,45
12,13
12,0
12,0
12,0
12,0
12,10
12,36
12,1
12,5
12,0
12,1
12,11
12,27
12,9
12,4
12,94
12,0
12,6
12,3
12,35
12,3
12,14
12,0
12,1
12,0
12,6
12,22
12,9
12,82
12,3
12,5
12,8
12,1
12,14
12,18
12,3
12,2
12,4
12,5
12,211
12,0
12,41
12,0
12,10
12,9
12,13
12,10
12,14
12,6
12,12
12,13
12,9
12,0
12,7
12,15
12,75
12,10
12,508
12,5
12,10
12,6
12,24
12,28
12,0
12,0
12,0
12,0
12,0
12,0
12,24
12,0
12,5
12,15
12,0
12,0
12,0
12,0
12,0
12,7
12,0
12,0
12,0
12,16
12,3
12,0
12,3
12,6
12,31
12,0
12,9
12,29
12,23
12,12
12,21
12,6
12,8
12,18
12,6
12,31
12,1
12,2
12,5
12,2
12,474
12,7
12,18
12,10
12,0
12,11
12,19
12,42
12,0
12,5
12,3
12,3
12,1
12,7
12,20
12,24
12,3
12,72
12,0
12,43
12,69
12,74
12,0
12,7
12,15
12,16
12,0
12,2
12,0
12,36
12,0
12,3
12,2
12,0
12,12
12,0
12,5
12,1
12,2
12,1
12,1
12,3
12,0
12,0
12,0
12,0
12,0
12,0
12,1
12,1
12,3
12,0
12,0
12,0
12,0
13,0
13,5
13,17
13,1
13,0
13,109
13,14
13,0
13,0
13,0
13,0
13,0
13,0
13,12
13,32
13,22
13,0
13,0
13,0
13,0
13,15
13,0
13,78
13,33
13,16
13,6
13,49
13,17
13,1793
13,61
13,34
13,8
13,7
13,0
13,10
13,2
13,5
13,68
13,1
13,3
13,0
13,18
13,0
13,0
13,43
13,2
13,1
13,0
13,1
13,0
13,0
13,1
13,0
13,1
13,0
13,18
13,4
13,165
13,910
13,0
13,0
13,0
13,0
13,0
13,0
13,0
13,0
13,18
13,21
13,23
13,24
13,3
13,6
13,2
13,49
13,6
13,2
13,23
13,0
13,0
13,0
13,16
13,10
13,1
13,1
13,0
13,5
13,0
13,2
13,0
13,1
13,9
13,1
13,0
13,0
13,0
13,0
13,0
13,0
13,5
13,0
13,4
13,2
13,0
13,8
13,4
13,0
13,0
13,0
13,0
13,28
13,3
13,2
13,0
13,1
13,4
13,2
13,0
13,0
13,8
13,1
13,2
13,1
13,5
13,0
13,0
13,0
13,8
13,2
13,20
13,16
13,4
13,18
13,0
13,0
13,7
13,1
13,13
13,0
13,0
13,0
13,0
13,0
13,0
13,18
13,21
13,88
13,13
13,1
13,0
13,0
13,0
13,143
13,3
13,0
13,4
13,0
13,0
13,3
13,5
13,16
13,0
13,0
13,0
13,181
13,0
13,0
13,3
13,1
13,135
13,320
13,1
13,0
13,1
13,7
13,0
13,19
13,0
13,7
13,10
13,7
13,4
13,0
13,8
13,0
13,0
13,0
13,5
13,2
13,46
13,21
13,36
13,0
13,5
13,0
13,30
13,125
13,9
13,0
13,1
13,9
13,23
13,20
13,25
13,0
13,1
13,0
13,24
13,29
13,21
13,2
13,2
13,1
13,0
13,0
13,14
13,35
13,0
13,0
13,5
13,57
13,57
13,5
13,1
13,470
13,1
13,0
13,0
13,0
13,1
13,45
13,1732
13,6
13,12
13,0
13,0
13,3
13,11
13,9
13,0
13,0
13,136
13,12
13,0
13,0
13,0
13,12
13,11
13,43
13,15
13,33
13,0
13,0
13,0
13,0
13,26
13,0
13,175
13,18
13,18
13,6
13,14
13,7
13,6
13,2
13,0
13,5
13,9
13,5
13,2
13,1
13,14
13,2
13,7
13,11
13,13
13,5
13,4
13,0
13,7
13,11
13,5
13,0
13,5
13,4
13,0
13,5
13,0
13,5
13,18
13,3
13,25
13,0
13,66
13,83
13,34
13,11
13,18
13,14
13,2
13,89
13,30
13,73
13,76
13,3
13,2
13,20
13,6
13,1
13,0
13,6
13,0
13,187
13,35
13,10
13,9
13,13
13,0
13,0
13,42
13,14
13,0
13,11
13,1
13,25
13,1
13,134
13,79
13,0
13,0
13,28
13,10
13,8
13,5
13,0
13,0
13,25
13,8
13,11
13,0
13,0
13,0
13,2
13,0
13,1
13,1
13,0
13,0
13,0
13,0
13,0
13,4
13,3
13,17
13,1
13,5
13,2
13,7
13,23
13,2
13,28
13,6
13,13
13,38
13,30
13,1
13,10
13,0
13,0
13,12
13,10
13,2
13,1
13,1
13,1
13,24
13,33
13,2
13,0
13,0
13,0
13,1
13,2
13,9
13,0
13,0
13,0
13,13
13,133
13,20
13,2
13,3
13,0
13,2
13,7
13,16
13,51
13,0
13,13
13,36
13,49
13,29
13,4
13,10
13,0
13,0
13,1
13,26
13,25
13,123
13,20
13,19
13,5
13,4
13,9
13,9
13,0
13,812
13,0
13,3
13,3
13,29
13,1
13,25
13,11
13,44
13,10
13,15
13,2
13,17
13,5
13,3
13,1
13,19
13,23
13,7
13,5
13,0
13,9
13,2
13,22
13,7
13,3
13,458
13,335
13,56
13,1
13,13
13,0
13,12
13,0
13,0
13,0
13,0
13,3
13,4
13,0
13,14
13,5
13,15
13,13
13,6
13,13
13,8
13,3
13,17
13,2
13,9
13,0
13,0
13,0
13,0
13,8
13,14
13,41
13,0
13,19
13,6
13,81
13,10
13,175
13,9
13,31
13,0
13,0
13,0
13,0
13,0
13,0
13,0
13,0
13,9
13,0
13,1
13,10
13,0
13,0
13,50
13,5
13,7
13,11
13,7
13,6
13,2
13,0
13,0
13,39
13,6
13,11
13,1
13,258
13,8
13,38
13,3
13,3
13,69
13,40
13,23
13,71
13,0
13,3
13,2
13,3
13,0
13,231
13,2
13,73
13,152
13,0
13,0
13,0
13,1
13,0
13,2
13,1
13,14
13,0
13,23
13,3
13,10
13,0
13,9
13,2
13,83
13,0
13,0
13,4
13,3
13,0
13,8
13,1
13,0
13,0
13,0
13,0
13,0
13,1
13,0
13,0
13,0
13,0
13,0
13,8
13,8
13,4
13,84
13,12
13,11
13,0
13,6
13,0
13,4
13,6
13,0
13,3
13,0
13,0
13,0
13,0
13,0
13,1
13,13
13,17
13,0
13,0
13,0
13,0
13,0
13,0
13,4
13,0
13,4
13,6
13,0
13,9
13,5
13,3
13,2
13,0
13,0
13,44
13,29
13,16
13,18
13,3
13,0
13,116
13,0
13,5
13,5
13,0
13,3
13,6
13,7
13,40
13,0
13,0
13,3
13,4
13,9
13,5
13,9
13,7
13,0
13,0
13,0
13,0
13,3
13,0
13,0
13,0
13,0
13,35
13,0
13,1
13,0
13,0
13,0
13,0
13,2
13,10
13,514
13,324
13,54
13,19
13,6
13,4
13,0
13,0
13,0
13,1
13,0
13,0
13,1
13,0
13,0
13,0
13,0
13,0
13,0
13,0
13,17
13,4
13,139
13,51
13,22
13,2
13,4
13,0
13,0
13,13
13,18
13,0
13,6
13,1
13,13
13,6
13,7
13,2
13,1
13,435
13,363
13,5
13,0
13,3
13,18
13,3
13,12
13,8
13,30
13,73
13,0
13,0
13,202
13,4
13,1
13,45
13,120
13,2
13,4
13,2
13,0
13,62
13,0
13,0
13,5
13,6
13,4
13,15
13,4
13,41
13,38
13,0
13,14
13,24
13,5
13,2
13,3
13,11
13,3
13,2
13,58
13,34
13,38
13,3
13,51
13,29
13,53
13,8
13,25
13,47
13,2
13,13
13,125
13,0
13,4
13,0
13,0
13,0
13,0
13,0
13,49
13,0
13,1
13,7
13,6
13,32
13,1
13,10
13,13
13,2
13,1
13,12
13,0
13,95
13,62
13,15
13,35
13,0
13,0
13,17
13,0
13,23
13,3
13,17
13,226
13,48
13,1
13,0
13,1
13,0
13,23
13,15
13,8
13,7
13,6
13,7
13,42
13,1
13,1
13,2
13,1
13,1
13,11
13,84
13,3
13,0
13,73
13,0
13,0
13,68
13,36
13,80
13,0
13,0
13,0
13,9
13,86
13,12
13,11
13,15
13,31
13,0
13,31
13,1
13,0
13,2
13,1
13,0
13,0
13,0
13,2
13,12
13,1
13,2
13,0
13,11
13,1
13,0
13,8
13,18
13,1
13,35
13,8
13,0
13,0
13,2
13,11
13,9
13,4
13,8
13,7
13,14
13,2
13,0
13,0
13,1
13,4
13,1
13,2
13,2
13,1
13,12
13,30
13,0
13,4
13,4
13,0
13,1
13,5
13,0
13,6
13,10
13,2
13,18
13,0
13,0
13,0
13,0
13,0
13,0
13,0
13,3
13,5
13,8
13,63
13,3
13,20
13,2
13,0
13,0
13,0
13,0
13,0
13,6
13,4
